All variables: ['x1', 'x2', 'x3', 'x4', 'x5', 'x6']
Observable variables: ['x1', 'x2', 'x3', 'x4', 'x5', 'x6']
Structural part: ['x1', 'x2', 'x3', 'x4', 'x5', 'x6']
Measurement part: ['x1', 'x2', 'x3', 'x4', 'x5', 'x6']
Latent varaibles: []
Endogenous variables: ['x1', 'x2', 'x3', 'x4', 'x5', 'x6']
Exogenous variables: []
Beta
Shape: (6, 6)
        x1     x2     x3      x4      x5     x6
x1   0.000 -1.870  0.982 -31.050  -7.668 -1.635
x2   1.783  0.000 -3.930  -0.144   1.972 -2.095
x3 -14.149 -5.630  0.000   7.959 -25.522  1.971
x4   4.193  0.199  3.265   0.000  -0.219 -6.004
x5  -1.216 -0.576  0.885   0.225   0.000  0.390
x6  -4.380 -1.256  2.147 -14.140  61.648  0.000
Lambda
Shape: (6, 6)
     x1   x2   x3   x4   x5   x6
x1  1.0  0.0  0.0  0.0  0.0  0.0
x2  0.0  1.0  0.0  0.0  0.0  0.0
x3  0.0  0.0  1.0  0.0  0.0  0.0
x4  0.0  0.0  0.0  1.0  0.0  0.0
x5  0.0  0.0  0.0  0.0  1.0  0.0
x6  0.0  0.0  0.0  0.0  0.0  1.0
Psi
Shape: (6, 6)
     x1     x2      x3   x4    x5      x6
x1  0.0  0.000   0.000  0.0  0.00   0.000
x2  0.0  5.867   0.000  0.0  0.00   0.000
x3  0.0  0.000  19.114  0.0  0.00   0.000
x4  0.0  0.000   0.000  0.0  0.00   0.000
x5  0.0  0.000   0.000  0.0  2.59   0.000
x6  0.0  0.000   0.000  0.0  0.00  30.162
Theta
Shape: (6, 6)
     x1   x2   x3   x4   x5   x6
x1  0.0  0.0  0.0  0.0  0.0  0.0
x2  0.0  0.0  0.0  0.0  0.0  0.0
x3  0.0  0.0  0.0  0.0  0.0  0.0
x4  0.0  0.0  0.0  0.0  0.0  0.0
x5  0.0  0.0  0.0  0.0  0.0  0.0
x6  0.0  0.0  0.0  0.0  0.0  0.0
Empirical covariance matrix:
Shape: (6, 6)
         x1      x2     x3       x4       x5     x6
x1   41.885   6.515  0.882  168.640   30.978  0.760
x2    6.515   1.044  0.046   26.085    4.990  0.126
x3    0.882   0.046  0.914    5.004    0.008 -0.035
x4  168.640  26.085  5.004  682.190  123.718  2.954
x5   30.978   4.990  0.008  123.718   29.305  2.597
x6    0.760   0.126 -0.035    2.954    2.597  0.884
Model-implied covariance matrix:
Shape: (6, 6)
       x1      x2     x3     x4     x5     x6
x1  3.285  -7.268  1.555  0.205  0.103  2.861
x2 -7.268  16.621 -3.506 -0.482 -0.250 -6.341
x3  1.555  -3.506  0.947  0.101  0.050  1.466
x4  0.205  -0.482  0.101  0.015  0.006  0.180
x5  0.103  -0.250  0.050  0.006  0.010  0.089
x6  2.861  -6.341  1.466  0.180  0.089  2.552
Euclidian difference between them: 747.836617436002
