All variables: ['x1', 'x2', 'x3', 'x4', 'x5', 'x6']
Observable variables: ['x1', 'x2', 'x3', 'x4', 'x5', 'x6']
Structural part: ['x1', 'x2', 'x3', 'x4', 'x5', 'x6']
Measurement part: ['x1', 'x2', 'x3', 'x4', 'x5', 'x6']
Latent varaibles: []
Endogenous variables: ['x1', 'x2', 'x3', 'x4', 'x5', 'x6']
Exogenous variables: []
Beta
Shape: (6, 6)
       x1   x2     x3     x4     x5     x6
x1  0.000  0.0 -0.397  0.249  0.007 -0.004
x2  0.122  0.0 -0.050 -0.004  0.075 -0.170
x3 -0.000  0.0  0.000  0.031 -0.129  0.000
x4  1.087  0.0 -0.000  0.000  0.027  0.000
x5 -0.000  0.0  0.000  0.180  0.000  0.000
x6 -0.025 -0.0  0.265 -0.052  0.336  0.000
Lambda
Shape: (6, 6)
     x1   x2   x3   x4   x5   x6
x1  1.0  0.0  0.0  0.0  0.0  0.0
x2  0.0  1.0  0.0  0.0  0.0  0.0
x3  0.0  0.0  1.0  0.0  0.0  0.0
x4  0.0  0.0  0.0  1.0  0.0  0.0
x5  0.0  0.0  0.0  0.0  1.0  0.0
x6  0.0  0.0  0.0  0.0  0.0  1.0
Psi
Shape: (6, 6)
       x1     x2     x3       x4     x5     x6
x1  0.053  0.000  0.000    0.000  0.000  0.000
x2  0.000  0.014  0.000    0.000  0.000  0.000
x3  0.000  0.000  0.759    0.000  0.000  0.000
x4  0.000  0.000  0.000  341.808  0.000  0.000
x5  0.000  0.000  0.000    0.000  6.869  0.000
x6  0.000  0.000  0.000    0.000  0.000  0.192
Theta
Shape: (6, 6)
     x1   x2   x3   x4   x5   x6
x1  0.0  0.0  0.0  0.0  0.0  0.0
x2  0.0  0.0  0.0  0.0  0.0  0.0
x3  0.0  0.0  0.0  0.0  0.0  0.0
x4  0.0  0.0  0.0  0.0  0.0  0.0
x5  0.0  0.0  0.0  0.0  0.0  0.0
x6  0.0  0.0  0.0  0.0  0.0  0.0
Empirical covariance matrix:
Shape: (6, 6)
         x1      x2     x3       x4       x5     x6
x1   41.885   6.515  0.882  168.640   30.978  0.760
x2    6.515   1.044  0.046   26.085    4.990  0.126
x3    0.882   0.046  0.914    5.004    0.008 -0.035
x4  168.640  26.085  5.004  682.190  123.718  2.954
x5   30.978   4.990  0.008  123.718   29.305  2.597
x6    0.760   0.126 -0.035    2.954    2.597  0.884
Model-implied covariance matrix:
Shape: (6, 6)
         x1      x2     x3       x4       x5     x6
x1   39.746   6.183  0.815  159.978   29.383  0.717
x2    6.183   0.993  0.037   24.747    4.742  0.120
x3    0.815   0.037  0.907    4.721   -0.028 -0.036
x4  159.978  24.747  4.721  647.100  117.286  2.774
x5   29.383   4.742 -0.028  117.286   28.126  2.564
x6    0.717   0.120 -0.036    2.774    2.564  0.881
Euclidian difference between them: 38.46301207049719
