All variables: ['x1', 'x2', 'x3', 'x4', 'x5', 'x6']
Observable variables: ['x1', 'x2', 'x3', 'x4', 'x5', 'x6']
Structural part: ['x1', 'x2', 'x3', 'x4', 'x5', 'x6']
Measurement part: ['x1', 'x2', 'x3', 'x4', 'x5', 'x6']
Latent varaibles: []
Endogenous variables: ['x1', 'x2', 'x3', 'x4', 'x5', 'x6']
Exogenous variables: []
Beta
Shape: (6, 6)
        x1     x2     x3     x4      x5     x6
x1   0.000  0.851  1.629  0.850  -3.333  5.020
x2   0.544  0.000  1.607 -1.186  -6.684  3.481
x3  -0.119  3.901  0.000 -0.561  -6.558  4.283
x4 -11.098 -1.633  1.453  0.000 -13.497  1.170
x5   0.375  0.076  1.487 -1.976   0.000  1.791
x6   2.633  9.253  7.520 -0.755  -6.060  0.000
Lambda
Shape: (6, 6)
     x1   x2   x3   x4   x5   x6
x1  1.0  0.0  0.0  0.0  0.0  0.0
x2  0.0  1.0  0.0  0.0  0.0  0.0
x3  0.0  0.0  1.0  0.0  0.0  0.0
x4  0.0  0.0  0.0  1.0  0.0  0.0
x5  0.0  0.0  0.0  0.0  1.0  0.0
x6  0.0  0.0  0.0  0.0  0.0  1.0
Psi
Shape: (6, 6)
       x1     x2   x3   x4     x5     x6
x1  7.195  0.000  0.0  0.0  0.000  0.000
x2  0.000  0.688  0.0  0.0  0.000  0.000
x3  0.000  0.000  0.0  0.0  0.000  0.000
x4  0.000  0.000  0.0  0.0  0.000  0.000
x5  0.000  0.000  0.0  0.0  4.493  0.000
x6  0.000  0.000  0.0  0.0  0.000  2.808
Theta
Shape: (6, 6)
     x1   x2   x3   x4   x5   x6
x1  0.0  0.0  0.0  0.0  0.0  0.0
x2  0.0  0.0  0.0  0.0  0.0  0.0
x3  0.0  0.0  0.0  0.0  0.0  0.0
x4  0.0  0.0  0.0  0.0  0.0  0.0
x5  0.0  0.0  0.0  0.0  0.0  0.0
x6  0.0  0.0  0.0  0.0  0.0  0.0
Empirical covariance matrix:
Shape: (6, 6)
         x1      x2     x3       x4       x5     x6
x1   41.885   6.515  0.882  168.640   30.978  0.760
x2    6.515   1.044  0.046   26.085    4.990  0.126
x3    0.882   0.046  0.914    5.004    0.008 -0.035
x4  168.640  26.085  5.004  682.190  123.718  2.954
x5   30.978   4.990  0.008  123.718   29.305  2.597
x6    0.760   0.126 -0.035    2.954    2.597  0.884
Model-implied covariance matrix:
Shape: (6, 6)
       x1     x2     x3     x4     x5     x6
x1  0.123 -0.047 -0.090  0.138 -0.128 -0.153
x2 -0.047  0.035  0.021 -0.102  0.047  0.031
x3 -0.090  0.021  0.136  0.053  0.097  0.165
x4  0.138 -0.102  0.053  1.149 -0.183 -0.020
x5 -0.128  0.047  0.097 -0.183  0.138  0.164
x6 -0.153  0.031  0.165 -0.020  0.164  0.254
Euclidian difference between them: 746.6102258037223
