All variables: ['x1', 'x2', 'x3', 'x4', 'x5', 'x6']
Observable variables: ['x1', 'x2', 'x3', 'x4', 'x5', 'x6']
Structural part: ['x1', 'x2', 'x3', 'x4', 'x5', 'x6']
Measurement part: ['x1', 'x2', 'x3', 'x4', 'x5', 'x6']
Latent varaibles: []
Endogenous variables: ['x1', 'x2', 'x3', 'x4', 'x5', 'x6']
Exogenous variables: []
Beta
Shape: (6, 6)
       x1     x2     x3     x4     x5     x6
x1  0.000  0.065 -0.390  0.247 -0.000  0.012
x2  0.108  0.000 -0.056 -0.001  0.075 -0.168
x3 -0.022 -0.016  0.000  0.038 -0.133  0.027
x4  0.708  0.108  0.026  0.000  0.500  0.008
x5  0.047  0.010 -0.017  0.162  0.000  0.010
x6 -0.067 -0.038  0.238 -0.040  0.336  0.000
Lambda
Shape: (6, 6)
     x1   x2   x3   x4   x5   x6
x1  1.0  0.0  0.0  0.0  0.0  0.0
x2  0.0  1.0  0.0  0.0  0.0  0.0
x3  0.0  0.0  1.0  0.0  0.0  0.0
x4  0.0  0.0  0.0  1.0  0.0  0.0
x5  0.0  0.0  0.0  0.0  1.0  0.0
x6  0.0  0.0  0.0  0.0  0.0  1.0
Psi
Shape: (6, 6)
       x1     x2     x3       x4     x5    x6
x1  0.053  0.000  0.000    0.000  0.000  0.00
x2  0.000  0.014  0.000    0.000  0.000  0.00
x3  0.000  0.000  0.731    0.000  0.000  0.00
x4  0.000  0.000  0.000  341.616  0.000  0.00
x5  0.000  0.000  0.000    0.000  6.793  0.00
x6  0.000  0.000  0.000    0.000  0.000  0.19
Theta
Shape: (6, 6)
     x1   x2   x3   x4   x5   x6
x1  0.0  0.0  0.0  0.0  0.0  0.0
x2  0.0  0.0  0.0  0.0  0.0  0.0
x3  0.0  0.0  0.0  0.0  0.0  0.0
x4  0.0  0.0  0.0  0.0  0.0  0.0
x5  0.0  0.0  0.0  0.0  0.0  0.0
x6  0.0  0.0  0.0  0.0  0.0  0.0
Empirical covariance matrix:
Shape: (6, 6)
         x1      x2     x3       x4       x5     x6
x1   41.885   6.515  0.882  168.640   30.978  0.760
x2    6.515   1.044  0.046   26.085    4.990  0.126
x3    0.882   0.046  0.914    5.004    0.008 -0.035
x4  168.640  26.085  5.004  682.190  123.718  2.954
x5   30.978   4.990  0.008  123.718   29.305  2.597
x6    0.760   0.126 -0.035    2.954    2.597  0.884
Model-implied covariance matrix:
Shape: (6, 6)
         x1      x2     x3       x4       x5     x6
x1   39.171   6.097  0.790  157.638   29.052  0.733
x2    6.097   0.980  0.033   24.393    4.694  0.122
x3    0.790   0.033  0.910    4.624   -0.055 -0.037
x4  157.638  24.393  4.624  637.580  115.915  2.842
x5   29.052   4.694 -0.055  115.915   27.939  2.576
x6    0.733   0.122 -0.037    2.842    2.576  0.881
Euclidian difference between them: 48.75656018085633
