All variables: ['eta1', 'eta2', 'eta3', 'eta4', 'x1', 'x2', 'x3', 'x4', 'y1', 'y2', 'y3', 'y4', 'y5', 'y6', 'y7', 'y8', 'y9']
Observable variables: ['x1', 'x2', 'x3', 'x4', 'y1', 'y2', 'y3', 'y4', 'y5', 'y6', 'y7', 'y8', 'y9']
Structural part: ['eta1', 'eta2', 'eta3', 'eta4', 'x1', 'x2', 'x3', 'x4']
Measurement part: ['y1', 'y2', 'y3', 'y4', 'y5', 'y6', 'y7', 'y8', 'y9', 'x1', 'x2', 'x3', 'x4']
Latent varaibles: ['eta1', 'eta2', 'eta3', 'eta4']
Endogenous variables: ['eta2', 'eta3', 'eta4', 'x1', 'x2', 'x3', 'x4']
Exogenous variables: ['eta1']
Beta
Shape: (8, 8)
       eta1   eta2   eta3   eta4     x1   x2   x3     x4
eta1  0.000  0.000  0.000  0.000  0.000  0.0  0.0  0.000
eta2  0.000  0.000  0.000  0.000  3.542  0.0  0.0 -0.508
eta3  0.000  3.196  0.000  0.000  0.000  0.0  0.0  0.000
eta4  0.000  0.000  0.431  0.000  0.000  0.0  0.0  0.000
x1    2.005  0.000  0.000  0.000  0.000  0.0  0.0  0.000
x2    0.000  0.000  0.000  0.000  0.480  0.0  0.0  0.000
x3    0.000  0.000  0.844  0.000  0.000  0.0  0.0  0.000
x4    0.000  0.000  0.000  1.792  0.000  0.0  0.0  0.000
Lambda
Shape: (13, 8)
     eta1   eta2   eta3   eta4   x1   x2   x3   x4
y1  1.000  0.000  0.000  0.000  0.0  0.0  0.0  0.0
y2  6.947  0.000  0.000  0.000  0.0  0.0  0.0  0.0
y3  0.000  1.000  0.000  0.000  0.0  0.0  0.0  0.0
y4  0.000  3.919  0.000  0.000  0.0  0.0  0.0  0.0
y5  0.000  0.000  1.000  0.000  0.0  0.0  0.0  0.0
y6  0.000  0.000  8.739  0.000  0.0  0.0  0.0  0.0
y7  0.000  0.000  1.706  0.000  0.0  0.0  0.0  0.0
y8  0.000  0.000  0.000  1.000  0.0  0.0  0.0  0.0
y9  0.000  0.000  0.000  7.939  0.0  0.0  0.0  0.0
x1  0.000  0.000  0.000  0.000  1.0  0.0  0.0  0.0
x2  0.000  0.000  0.000  0.000  0.0  1.0  0.0  0.0
x3  0.000  0.000  0.000  0.000  0.0  0.0  1.0  0.0
x4  0.000  0.000  0.000  0.000  0.0  0.0  0.0  1.0
Psi
Shape: (8, 8)
       eta1   eta2  eta3   eta4     x1     x2     x3      x4
eta1  0.623  0.000  0.00  0.000  0.000  0.000  0.000   0.000
eta2  0.000  3.264  0.00  0.000  0.000  0.000  0.000   0.000
eta3  0.000  0.000  0.27  0.000  0.000  0.000  0.000   0.000
eta4  0.000  0.000  0.00  3.355  0.000  0.000  0.000   0.000
x1    0.000  0.000  0.00  0.000  0.476  0.000  0.000   0.000
x2    0.000  0.000  0.00  0.000  0.000  0.316  0.030   0.000
x3    0.000  0.000  0.00  0.000  0.000  0.030  0.003   0.000
x4    0.000  0.000  0.00  0.000  0.000  0.000  0.000  20.685
Theta
Shape: (13, 13)
       y1     y2     y3     y4      y5        y6      y7     y8       y9   x1   x2   x3   x4
y1  1.089  0.000  0.000  0.000   0.000     0.000   0.000  0.000    0.000  0.0  0.0  0.0  0.0
y2  0.000  2.413  0.000  0.000   0.000     0.000   0.000  0.000    0.000  0.0  0.0  0.0  0.0
y3  0.000  0.000  0.002  0.000   0.000     0.000   0.000  0.000    0.000  0.0  0.0  0.0  0.0
y4  0.000  0.000  0.000  0.924   0.000     0.000   0.000  0.000    0.000  0.0  0.0  0.0  0.0
y5  0.000  0.000  0.000  0.000  13.423     0.000   0.000  0.000    0.000  0.0  0.0  0.0  0.0
y6  0.000  0.000  0.000  0.000   0.000  1878.478   0.000  0.000    0.000  0.0  0.0  0.0  0.0
y7  0.000  0.000  0.000  0.000   0.000     0.000  60.986  0.000    0.000  0.0  0.0  0.0  0.0
y8  0.000  0.000  0.000  0.000   0.000     0.000   0.000  1.586    0.000  0.0  0.0  0.0  0.0
y9  0.000  0.000  0.000  0.000   0.000     0.000   0.000  0.000  566.018  0.0  0.0  0.0  0.0
x1  0.000  0.000  0.000  0.000   0.000     0.000   0.000  0.000    0.000  0.0  0.0  0.0  0.0
x2  0.000  0.000  0.000  0.000   0.000     0.000   0.000  0.000    0.000  0.0  0.0  0.0  0.0
x3  0.000  0.000  0.000  0.000   0.000     0.000   0.000  0.000    0.000  0.0  0.0  0.0  0.0
x4  0.000  0.000  0.000  0.000   0.000     0.000   0.000  0.000    0.000  0.0  0.0  0.0  0.0
Empirical covariance matrix:
Shape: (13, 13)
        y1       y2      y3       y4       y5        y6       y7       y8        y9      x1      x2       x3       x4
y1   2.001    5.781   1.150    5.774    6.792    58.763   10.828    4.043    31.972   1.390   0.569    5.409    6.990
y2   5.781   33.318   6.666   32.944   38.131   330.380   61.127   22.892   181.345   7.865   3.212   30.497   39.716
y3   1.150    6.666   2.329    7.000    8.166    71.202   13.223    4.946    39.153   1.643   0.667    6.593    8.710
y4   5.774   32.944   7.000   37.596   42.494   368.181   68.184   25.321   201.805   8.279   3.409   33.913   44.472
y5   6.792   38.131   8.166   42.494   50.776   432.617   80.090   29.860   237.132   9.590   4.148   39.846   52.087
y6  58.763  330.380  71.202  368.181  432.617  3753.711  694.162  259.357  2056.036  83.078  36.150  345.498  451.523
y7  10.828   61.127  13.223   68.184   80.090   694.162  129.395   47.900   380.293  15.354   6.621   63.890   83.503
y8   4.043   22.892   4.946   25.321   29.860   259.357   47.900   19.009   142.646   5.740   2.508   23.888   31.313
y9  31.972  181.345  39.153  201.805  237.132  2056.036  380.293  142.646  1132.413  45.503  19.748  189.281  248.524
x1   1.390    7.865   1.643    8.279    9.590    83.078   15.354    5.740    45.503   1.992   0.820    7.656    9.972
x2   0.569    3.212   0.667    3.409    4.148    36.150    6.621    2.508    19.748   0.820   0.472    3.333    4.310
x3   5.409   30.497   6.593   33.913   39.846   345.498   63.890   23.888   189.281   7.656   3.333   31.897   41.599
x4   6.990   39.716   8.710   44.472   52.087   451.523   83.503   31.313   248.524   9.972   4.310   41.599   55.106
Model-implied covariance matrix:
Shape: (13, 13)
        y1       y2       y3        y4       y5        y6        y7       y8        y9       x1      x2       x3       x4
y1   1.712    4.329    1.963     7.694    6.276    54.844    10.706    2.705    21.477    1.249   0.599    5.297    4.847
y2   4.329   32.486   13.640    53.454   43.597   381.010    74.379   18.794   149.202    8.680   4.164   36.800   33.673
y3   1.963   13.640    9.614    37.665   30.673   268.062    52.330   11.868    94.217    4.685   2.248   25.891   16.602
y4   7.694   53.454   37.665   148.526  120.201  1050.476   205.069   46.507   369.217   18.361   8.808  101.460   65.059
y5   6.276   43.597   30.673   120.201  111.579   857.821   167.459   37.983   301.545   14.975   7.184   82.853   53.155
y6  54.844  381.010  268.062  1050.476  857.821  9375.270  1463.486  331.949  2635.308  130.875  62.783  724.078  464.542
y7  10.706   74.379   52.330   205.069  167.459  1463.486   346.681   64.802   514.452   25.549  12.256  141.351   90.686
y8   2.705   18.794   11.868    46.507   37.983   331.949    64.802   19.449   141.808    6.456   3.097   32.061   25.581
y9  21.477  149.202   94.217   369.217  301.545  2635.308   514.452  141.808  1691.812   51.250  24.586  254.531  203.086
x1   1.249    8.680    4.685    18.361   14.975   130.875    25.549    6.456    51.250    2.981   1.430   12.641   11.566
x2   0.599    4.164    2.248     8.808    7.184    62.783    12.256    3.097    24.586    1.430   1.002    6.094    5.549
x3   5.297   36.800   25.891   101.460   82.853   724.078   141.351   32.061   254.531   12.641   6.094   69.938   44.868
x4   4.847   33.673   16.602    65.059   53.155   464.542    90.686   25.581   203.086   11.566   5.549   44.868   55.011
Euclidian difference between them: 5977.98450123
