All variables: ['eta1', 'eta2', 'eta3', 'eta4', 'x1', 'x2', 'x3', 'x4', 'y1', 'y2', 'y3', 'y4', 'y5', 'y6', 'y7', 'y8']
Observable variables: ['x3', 'x4', 'x1', 'x2', 'y1', 'y2', 'y3', 'y4', 'y5', 'y6', 'y7', 'y8']
Structural part: ['eta1', 'eta2', 'eta3', 'eta4', 'x1', 'x2', 'x3', 'x4']
Measurement part: ['y1', 'y2', 'y3', 'y4', 'y5', 'y6', 'y7', 'y8', 'x1', 'x2', 'x3', 'x4']
Latent varaibles: ['eta1', 'eta2', 'eta3', 'eta4']
Endogenous variables: ['eta3', 'eta4', 'x3', 'x4']
Exogenous variables: ['eta1', 'eta2', 'x1', 'x2']
Beta
Shape: (8, 8)
        eta1   eta2  eta3  eta4     x1     x2   x3   x4
eta1   0.000  0.000   0.0   0.0  0.000  0.000  0.0  0.0
eta2   0.000  0.000   0.0   0.0  0.000  0.000  0.0  0.0
eta3   0.000  0.230   0.0   0.0  0.785  0.000  0.0  0.0
eta4   3.230  0.000   0.0   0.0  0.000  1.449  0.0  0.0
x1     0.000  0.000   0.0   0.0  0.000  0.000  0.0  0.0
x2     0.000  0.000   0.0   0.0  0.000  0.000  0.0  0.0
x3    10.334  9.302   0.0   0.0  0.000  0.000  0.0  0.0
x4     0.000  0.000   0.0   0.0  6.203  2.506  0.0  0.0
Lambda
Shape: (12, 8)
     eta1   eta2   eta3   eta4   x1   x2   x3   x4
y1  1.000  0.000  0.000  0.000  0.0  0.0  0.0  0.0
y2  3.714  0.000  0.000  0.000  0.0  0.0  0.0  0.0
y3  0.000  1.000  0.000  0.000  0.0  0.0  0.0  0.0
y4  0.000  3.498  0.000  0.000  0.0  0.0  0.0  0.0
y5  0.000  0.000  1.000  0.000  0.0  0.0  0.0  0.0
y6  0.000  0.000  6.221  0.000  0.0  0.0  0.0  0.0
y7  0.000  0.000  0.000  1.000  0.0  0.0  0.0  0.0
y8  0.000  0.000  0.000  6.589  0.0  0.0  0.0  0.0
x1  0.000  0.000  0.000  0.000  1.0  0.0  0.0  0.0
x2  0.000  0.000  0.000  0.000  0.0  1.0  0.0  0.0
x3  0.000  0.000  0.000  0.000  0.0  0.0  1.0  0.0
x4  0.000  0.000  0.000  0.000  0.0  0.0  0.0  1.0
Psi
Shape: (8, 8)
       eta1   eta2   eta3   eta4     x1     x2      x3      x4
eta1  0.917  0.159  0.000  0.000  0.000  0.000   0.000   0.000
eta2  0.159  0.953  0.000  0.000  0.000  0.000   0.000   0.000
eta3  0.000  0.000  0.632 -0.010  0.000  0.000  -0.914  -0.145
eta4  0.000  0.000 -0.010  0.870  0.000  0.000   3.491   0.610
x1    0.000  0.000  0.000  0.000  0.891 -0.081   0.000   0.000
x2    0.000  0.000  0.000  0.000 -0.081  1.047   0.000   0.000
x3    0.000  0.000 -0.914  3.491  0.000  0.000  80.680  11.803
x4    0.000  0.000 -0.145  0.610  0.000  0.000  11.803   3.222
Theta
Shape: (12, 12)
       y1     y2     y3     y4     y5     y6     y7       y8   x1   x2   x3   x4
y1  4.145  0.000  0.000  0.000  0.000  0.000  0.000    0.000  0.0  0.0  0.0  0.0
y2  0.000  4.983  0.000  0.000  0.000  0.000  0.000    0.000  0.0  0.0  0.0  0.0
y3  0.000  0.000  4.097  0.000  0.000  0.000  0.000    0.000  0.0  0.0  0.0  0.0
y4  0.000  0.000  0.000  5.393  0.000  0.000  0.000    0.000  0.0  0.0  0.0  0.0
y5  0.000  0.000  0.000  0.000  4.061  0.000  0.000    0.000  0.0  0.0  0.0  0.0
y6  0.000  0.000  0.000  0.000  0.000  7.539  0.000    0.000  0.0  0.0  0.0  0.0
y7  0.000  0.000  0.000  0.000  0.000  0.000  4.756    0.000  0.0  0.0  0.0  0.0
y8  0.000  0.000  0.000  0.000  0.000  0.000  0.000  297.474  0.0  0.0  0.0  0.0
x1  0.000  0.000  0.000  0.000  0.000  0.000  0.000    0.000  0.0  0.0  0.0  0.0
x2  0.000  0.000  0.000  0.000  0.000  0.000  0.000    0.000  0.0  0.0  0.0  0.0
x3  0.000  0.000  0.000  0.000  0.000  0.000  0.000    0.000  0.0  0.0  0.0  0.0
x4  0.000  0.000  0.000  0.000  0.000  0.000  0.000    0.000  0.0  0.0  0.0  0.0
Empirical covariance matrix:
Shape: (12, 12)
        y1      y2      y3      y4     y5      y6      y7       y8     x1      x2       x3      x4
y1   1.903   3.570   0.079   0.610 -0.002   0.317   3.217   21.207 -0.051   0.089   11.246  -0.195
y2   3.570  15.046   0.395   1.540 -0.367  -1.379  12.091   82.179 -0.268   0.276   40.674  -0.990
y3   0.079   0.395   2.040   3.890  0.286   1.316  -0.040    0.973  0.065  -0.094   10.832   0.324
y4   0.610   1.540   3.890  14.610  0.831   4.445   0.776    7.633 -0.064  -0.033   39.708  -0.397
y5  -0.002  -0.367   0.286   0.831  2.201   8.312  -0.082   -0.397  0.748   0.108    1.461   4.925
y6   0.317  -1.379   1.316   4.445  8.312  55.584  -0.003    2.141  4.349   0.633    8.181  28.781
y7   3.217  12.091  -0.040   0.776 -0.082  -0.003  14.287   90.817 -0.300   1.694   33.139   2.150
y8  21.207  82.179   0.973   7.633 -0.397   2.141  90.817  622.595 -1.822  11.500  233.231  16.177
x1  -0.051  -0.268   0.065  -0.064  0.748   4.349  -0.300   -1.822  0.891  -0.081   -0.649   5.345
x2   0.089   0.276  -0.094  -0.033  0.108   0.633   1.694   11.500 -0.081   1.047    0.200   2.042
x3  11.246  40.674  10.832  39.708  1.461   8.181  33.139  233.231 -0.649   0.200  211.362  -3.291
x4  -0.195  -0.990   0.324  -0.397  4.925  28.781   2.150   16.177  5.345   2.042   -3.291  39.214
Model-implied covariance matrix:
Shape: (12, 12)
        y1      y2      y3      y4     y5      y6      y7       y8     x1     x2       x3      x4
y1   5.062   3.406   0.159   0.555  0.037   0.227   2.962   19.516 -0.000  0.000   10.953  -0.000
y2   3.406  17.635   0.589   2.061  0.136   0.844  11.001   72.489 -0.000  0.000   40.681  -0.000
y3   0.159   0.589   5.050   3.333  0.219   1.365   0.512    3.376 -0.000  0.000   10.502  -0.000
y4   0.555   2.061   3.333  17.050  0.768   4.775   1.792   11.808 -0.000  0.000   36.735  -0.000
y5   0.037   0.136   0.219   0.768  5.292   7.659   0.016    0.104  0.699 -0.064    1.504   4.031
y6   0.227   0.844   1.365   4.775  7.659  55.188   0.098    0.645  4.348 -0.395    9.359  25.080
y7   2.962  11.001   0.512   1.792  0.016   0.098  17.389   83.244 -0.117  1.517   38.864   3.683
y8  19.516  72.489   3.376  11.808  0.104   0.645  83.244  845.993 -0.773  9.995  256.087  24.271
x1  -0.000  -0.000  -0.000  -0.000  0.699   4.348  -0.117   -0.773  0.891 -0.081   -0.000   5.322
x2   0.000   0.000   0.000   0.000 -0.064  -0.395   1.517    9.995 -0.081  1.047    0.000   2.121
x3  10.953  40.681  10.502  36.735  1.504   9.359  38.864  256.087 -0.000  0.000  291.561  11.803
x4  -0.000  -0.000  -0.000  -0.000  4.031  25.080   3.683   24.271  5.322  2.121   11.803  41.547
Euclidian difference between them: 241.944808453
