All variables: ['x1', 'x2', 'x3', 'x4', 'x5', 'x6']
Observable variables: ['x1', 'x2', 'x3', 'x4', 'x5', 'x6']
Structural part: ['x1', 'x2', 'x3', 'x4', 'x5', 'x6']
Measurement part: ['x1', 'x2', 'x3', 'x4', 'x5', 'x6']
Latent varaibles: []
Endogenous variables: ['x1', 'x2', 'x3', 'x4', 'x5', 'x6']
Exogenous variables: []
Beta
Shape: (6, 6)
       x1     x2     x3     x4     x5     x6
x1  0.000  0.065 -0.388  0.247  0.000  0.011
x2  0.106  0.000 -0.056 -0.000  0.074 -0.167
x3 -0.027 -0.023  0.000  0.039 -0.134  0.031
x4  0.636  0.097  0.024  0.000  0.454  0.009
x5  0.045  0.005 -0.011  0.163  0.000  0.009
x6 -0.067 -0.038  0.234 -0.040  0.335  0.000
Lambda
Shape: (6, 6)
     x1   x2   x3   x4   x5   x6
x1  1.0  0.0  0.0  0.0  0.0  0.0
x2  0.0  1.0  0.0  0.0  0.0  0.0
x3  0.0  0.0  1.0  0.0  0.0  0.0
x4  0.0  0.0  0.0  1.0  0.0  0.0
x5  0.0  0.0  0.0  0.0  1.0  0.0
x6  0.0  0.0  0.0  0.0  0.0  1.0
Psi
Shape: (6, 6)
       x1     x2     x3       x4     x5    x6
x1  0.053  0.000  0.000    0.000  0.000  0.00
x2  0.000  0.014  0.000    0.000  0.000  0.00
x3  0.000  0.000  0.725    0.000  0.000  0.00
x4  0.000  0.000  0.000  341.869  0.000  0.00
x5  0.000  0.000  0.000    0.000  6.802  0.00
x6  0.000  0.000  0.000    0.000  0.000  0.19
Theta
Shape: (6, 6)
     x1   x2   x3   x4   x5   x6
x1  0.0  0.0  0.0  0.0  0.0  0.0
x2  0.0  0.0  0.0  0.0  0.0  0.0
x3  0.0  0.0  0.0  0.0  0.0  0.0
x4  0.0  0.0  0.0  0.0  0.0  0.0
x5  0.0  0.0  0.0  0.0  0.0  0.0
x6  0.0  0.0  0.0  0.0  0.0  0.0
Empirical covariance matrix:
Shape: (6, 6)
         x1      x2     x3       x4       x5     x6
x1   41.885   6.515  0.882  168.640   30.978  0.760
x2    6.515   1.044  0.046   26.085    4.990  0.126
x3    0.882   0.046  0.914    5.004    0.008 -0.035
x4  168.640  26.085  5.004  682.190  123.718  2.954
x5   30.978   4.990  0.008  123.718   29.305  2.597
x6    0.760   0.126 -0.035    2.954    2.597  0.884
Model-implied covariance matrix:
Shape: (6, 6)
         x1      x2     x3       x4       x5     x6
x1   36.590   5.699  0.703  147.177   27.206  0.703
x2    5.699   0.919  0.020   22.783    4.410  0.118
x3    0.703   0.020  0.905    4.268   -0.114 -0.039
x4  147.177  22.783  4.268  595.181  108.439  2.719
x5   27.206   4.410 -0.114  108.439   26.621  2.552
x6    0.703   0.118 -0.039    2.719    2.552  0.879
Euclidian difference between them: 95.11944464563966
