All variables: ['x1', 'x2', 'x3', 'x4', 'x5', 'x6']
Observable variables: ['x1', 'x2', 'x3', 'x4', 'x5', 'x6']
Structural part: ['x1', 'x2', 'x3', 'x4', 'x5', 'x6']
Measurement part: ['x1', 'x2', 'x3', 'x4', 'x5', 'x6']
Latent varaibles: []
Endogenous variables: ['x1', 'x2', 'x3', 'x4', 'x5', 'x6']
Exogenous variables: []
Beta
Shape: (6, 6)
       x1     x2     x3     x4     x5     x6
x1  0.000  0.007  0.006  0.238  0.039  0.001
x2  0.021  0.000 -0.029  0.028  0.032 -0.009
x3 -0.084 -0.033  0.000  0.050 -0.115  0.024
x4  0.044  0.006  0.001  0.000  0.030  0.001
x5  0.041  0.006  0.003  0.170  0.000 -0.004
x6 -0.022 -0.011  0.029 -0.041  0.281  0.000
Lambda
Shape: (6, 6)
     x1   x2   x3   x4   x5   x6
x1  1.0  0.0  0.0  0.0  0.0  0.0
x2  0.0  1.0  0.0  0.0  0.0  0.0
x3  0.0  0.0  1.0  0.0  0.0  0.0
x4  0.0  0.0  0.0  1.0  0.0  0.0
x5  0.0  0.0  0.0  0.0  1.0  0.0
x6  0.0  0.0  0.0  0.0  0.0  1.0
Psi
Shape: (6, 6)
        x1     x2     x3       x4      x5     x6
x1  20.937  0.000  0.000    0.000   0.000  0.000
x2   0.000  0.485  0.000    0.000   0.000  0.000
x3   0.000  0.000  0.538    0.000   0.000  0.000
x4   0.000  0.000  0.000  341.055   0.000  0.000
x5   0.000  0.000  0.000    0.000  14.648  0.000
x6   0.000  0.000  0.000    0.000   0.000  0.438
Theta
Shape: (6, 6)
     x1   x2   x3   x4   x5   x6
x1  0.0  0.0  0.0  0.0  0.0  0.0
x2  0.0  0.0  0.0  0.0  0.0  0.0
x3  0.0  0.0  0.0  0.0  0.0  0.0
x4  0.0  0.0  0.0  0.0  0.0  0.0
x5  0.0  0.0  0.0  0.0  0.0  0.0
x6  0.0  0.0  0.0  0.0  0.0  0.0
Empirical covariance matrix:
Shape: (6, 6)
         x1      x2     x3       x4       x5     x6
x1   41.885   6.515  0.882  168.640   30.978  0.760
x2    6.515   1.044  0.046   26.085    4.990  0.126
x3    0.882   0.046  0.914    5.004    0.008 -0.035
x4  168.640  26.085  5.004  682.190  123.718  2.954
x5   30.978   4.990  0.008  123.718   29.305  2.597
x6    0.760   0.126 -0.035    2.954    2.597  0.884
Model-implied covariance matrix:
Shape: (6, 6)
        x1      x2     x3       x4      x5     x6
x1  42.791   3.897 -1.322   87.637  17.384  0.302
x2   3.897   1.034 -0.040   13.510   2.977  0.184
x3  -1.322  -0.040  0.912    2.476  -1.282 -0.395
x4  87.637  13.510  2.476  352.609  64.193  1.671
x5  17.384   2.977 -1.282   64.193  26.378  4.343
x6   0.302   0.184 -0.395    1.671   4.343  1.570
Euclidian difference between them: 359.98166003941725
