All variables: ['x1', 'x2', 'x3', 'x4', 'x5', 'x6']
Observable variables: ['x1', 'x2', 'x3', 'x4', 'x5', 'x6']
Structural part: ['x1', 'x2', 'x3', 'x4', 'x5', 'x6']
Measurement part: ['x1', 'x2', 'x3', 'x4', 'x5', 'x6']
Latent varaibles: []
Endogenous variables: ['x1', 'x2', 'x3', 'x4', 'x5', 'x6']
Exogenous variables: []
Beta
Shape: (6, 6)
      x1   x2     x3     x4     x5     x6
x1  0.00 -0.0 -0.395  0.249  0.005  0.000
x2  0.11  0.0 -0.055 -0.001  0.074 -0.166
x3  0.00  0.0  0.000  0.030 -0.122  0.000
x4  0.88  0.0  0.000  0.000 -0.000  0.000
x5  0.00 -0.0  0.000  0.180  0.000 -0.000
x6 -0.00 -0.0  0.260 -0.058  0.332  0.000
Lambda
Shape: (6, 6)
     x1   x2   x3   x4   x5   x6
x1  1.0  0.0  0.0  0.0  0.0  0.0
x2  0.0  1.0  0.0  0.0  0.0  0.0
x3  0.0  0.0  1.0  0.0  0.0  0.0
x4  0.0  0.0  0.0  1.0  0.0  0.0
x5  0.0  0.0  0.0  0.0  1.0  0.0
x6  0.0  0.0  0.0  0.0  0.0  1.0
Psi
Shape: (6, 6)
       x1     x2     x3       x4     x5     x6
x1  0.053  0.000  0.000    0.000  0.000  0.000
x2  0.000  0.014  0.000    0.000  0.000  0.000
x3  0.000  0.000  0.759    0.000  0.000  0.000
x4  0.000  0.000  0.000  341.977  0.000  0.000
x5  0.000  0.000  0.000    0.000  6.895  0.000
x6  0.000  0.000  0.000    0.000  0.000  0.193
Theta
Shape: (6, 6)
     x1   x2   x3   x4   x5   x6
x1  0.0  0.0  0.0  0.0  0.0  0.0
x2  0.0  0.0  0.0  0.0  0.0  0.0
x3  0.0  0.0  0.0  0.0  0.0  0.0
x4  0.0  0.0  0.0  0.0  0.0  0.0
x5  0.0  0.0  0.0  0.0  0.0  0.0
x6  0.0  0.0  0.0  0.0  0.0  0.0
Empirical covariance matrix:
Shape: (6, 6)
         x1      x2     x3       x4       x5     x6
x1   41.885   6.515  0.882  168.640   30.978  0.760
x2    6.515   1.044  0.046   26.085    4.990  0.126
x3    0.882   0.046  0.914    5.004    0.008 -0.035
x4  168.640  26.085  5.004  682.190  123.718  2.954
x5   30.978   4.990  0.008  123.718   29.305  2.597
x6    0.760   0.126 -0.035    2.954    2.597  0.884
Model-implied covariance matrix:
Shape: (6, 6)
         x1      x2     x3       x4       x5     x6
x1   34.325   5.342  0.647  138.039   25.328  0.602
x2    5.342   0.861  0.015   21.352    4.113  0.104
x3    0.647   0.015  0.891    4.011   -0.117 -0.039
x4  138.039  21.352  4.011  558.243  100.936  2.301
x5   25.328   4.113 -0.117  100.936   25.144  2.485
x6    0.602   0.104 -0.039    2.301    2.485  0.874
Euclidian difference between them: 135.88365968750372
