All variables: ['eta1', 'eta2', 'eta3', 'eta4', 'x1', 'x2', 'x3', 'x4', 'y1', 'y2', 'y3', 'y4', 'y5', 'y6', 'y7', 'y8']
Observable variables: ['x3', 'x4', 'x1', 'x2', 'y1', 'y2', 'y3', 'y4', 'y5', 'y6', 'y7', 'y8']
Structural part: ['eta1', 'eta2', 'eta3', 'eta4', 'x1', 'x2', 'x3', 'x4']
Measurement part: ['y1', 'y2', 'y3', 'y4', 'y5', 'y6', 'y7', 'y8', 'x1', 'x2', 'x3', 'x4']
Latent varaibles: ['eta1', 'eta2', 'eta3', 'eta4']
Endogenous variables: ['eta3', 'eta4', 'x3', 'x4']
Exogenous variables: ['eta1', 'eta2', 'x1', 'x2']
Beta
Shape: (8, 8)
        eta1   eta2  eta3  eta4     x1     x2   x3   x4
eta1   0.000  0.000   0.0   0.0  0.000  0.000  0.0  0.0
eta2   0.000  0.000   0.0   0.0  0.000  0.000  0.0  0.0
eta3   0.000  0.212   0.0   0.0  0.846  0.000  0.0  0.0
eta4   3.226  0.000   0.0   0.0  0.000  1.465  0.0  0.0
x1     0.000  0.000   0.0   0.0  0.000  0.000  0.0  0.0
x2     0.000  0.000   0.0   0.0  0.000  0.000  0.0  0.0
x3    10.221  9.180   0.0   0.0  0.000  0.000  0.0  0.0
x4     0.000  0.000   0.0   0.0  6.222  2.431  0.0  0.0
Lambda
Shape: (12, 8)
     eta1   eta2   eta3   eta4   x1   x2   x3   x4
y1  1.000  0.000  0.000  0.000  0.0  0.0  0.0  0.0
y2  3.834  0.000  0.000  0.000  0.0  0.0  0.0  0.0
y3  0.000  1.000  0.000  0.000  0.0  0.0  0.0  0.0
y4  0.000  3.633  0.000  0.000  0.0  0.0  0.0  0.0
y5  0.000  0.000  1.000  0.000  0.0  0.0  0.0  0.0
y6  0.000  0.000  5.782  0.000  0.0  0.0  0.0  0.0
y7  0.000  0.000  0.000  1.000  0.0  0.0  0.0  0.0
y8  0.000  0.000  0.000  6.819  0.0  0.0  0.0  0.0
x1  0.000  0.000  0.000  0.000  1.0  0.0  0.0  0.0
x2  0.000  0.000  0.000  0.000  0.0  1.0  0.0  0.0
x3  0.000  0.000  0.000  0.000  0.0  0.0  1.0  0.0
x4  0.000  0.000  0.000  0.000  0.0  0.0  0.0  1.0
Psi
Shape: (8, 8)
       eta1   eta2   eta3   eta4     x1     x2     x3     x4
eta1  0.939  0.106  0.000  0.000  0.000  0.000  0.000  0.000
eta2  0.106  1.071  0.000  0.000  0.000  0.000  0.000  0.000
eta3  0.000  0.000  0.756  0.026  0.000  0.000  0.000  0.023
eta4  0.000  0.000  0.026  0.845  0.000  0.000  0.000  0.000
x1    0.000  0.000  0.000  0.000  0.891 -0.081  0.000  0.000
x2    0.000  0.000  0.000  0.000 -0.081  1.047  0.000  0.000
x3    0.000  0.000  0.000  0.000  0.000  0.000  2.928  0.146
x4    0.000  0.000  0.023  0.000  0.000  0.000  0.146  0.986
Theta
Shape: (12, 12)
       y1     y2     y3     y4     y5     y6     y7     y8   x1   x2   x3   x4
y1  0.963  0.000  0.000  0.000  0.000  0.000  0.000  0.000  0.0  0.0  0.0  0.0
y2  0.000  1.227  0.000  0.000  0.000  0.000  0.000  0.000  0.0  0.0  0.0  0.0
y3  0.000  0.000  0.968  0.000  0.000  0.000  0.000  0.000  0.0  0.0  0.0  0.0
y4  0.000  0.000  0.000  0.469  0.000  0.000  0.000  0.000  0.0  0.0  0.0  0.0
y5  0.000  0.000  0.000  0.000  0.763  0.000  0.000  0.000  0.0  0.0  0.0  0.0
y6  0.000  0.000  0.000  0.000  0.000  7.526  0.000  0.000  0.0  0.0  0.0  0.0
y7  0.000  0.000  0.000  0.000  0.000  0.000  0.969  0.000  0.0  0.0  0.0  0.0
y8  0.000  0.000  0.000  0.000  0.000  0.000  0.000  3.311  0.0  0.0  0.0  0.0
x1  0.000  0.000  0.000  0.000  0.000  0.000  0.000  0.000  0.0  0.0  0.0  0.0
x2  0.000  0.000  0.000  0.000  0.000  0.000  0.000  0.000  0.0  0.0  0.0  0.0
x3  0.000  0.000  0.000  0.000  0.000  0.000  0.000  0.000  0.0  0.0  0.0  0.0
x4  0.000  0.000  0.000  0.000  0.000  0.000  0.000  0.000  0.0  0.0  0.0  0.0
Empirical covariance matrix:
Shape: (12, 12)
        y1      y2      y3      y4     y5      y6      y7       y8     x1      x2       x3      x4
y1   1.903   3.570   0.079   0.610 -0.002   0.317   3.217   21.207 -0.051   0.089   11.246  -0.195
y2   3.570  15.046   0.395   1.540 -0.367  -1.379  12.091   82.179 -0.268   0.276   40.674  -0.990
y3   0.079   0.395   2.040   3.890  0.286   1.316  -0.040    0.973  0.065  -0.094   10.832   0.324
y4   0.610   1.540   3.890  14.610  0.831   4.445   0.776    7.633 -0.064  -0.033   39.708  -0.397
y5  -0.002  -0.367   0.286   0.831  2.201   8.312  -0.082   -0.397  0.748   0.108    1.461   4.925
y6   0.317  -1.379   1.316   4.445  8.312  55.584  -0.003    2.141  4.349   0.633    8.181  28.781
y7   3.217  12.091  -0.040   0.776 -0.082  -0.003  14.287   90.817 -0.300   1.694   33.139   2.150
y8  21.207  82.179   0.973   7.633 -0.397   2.141  90.817  622.595 -1.822  11.500  233.231  16.177
x1  -0.051  -0.268   0.065  -0.064  0.748   4.349  -0.300   -1.822  0.891  -0.081   -0.649   5.345
x2   0.089   0.276  -0.094  -0.033  0.108   0.633   1.694   11.500 -0.081   1.047    0.200   2.042
x3  11.246  40.674  10.832  39.708  1.461   8.181  33.139  233.231 -0.649   0.200  211.362  -3.291
x4  -0.195  -0.990   0.324  -0.397  4.925  28.781   2.150   16.177  5.345   2.042   -3.291  39.214
Model-implied covariance matrix:
Shape: (12, 12)
        y1      y2      y3      y4     y5      y6      y7       y8     x1      x2       x3      x4
y1   1.902   3.602   0.106   0.386  0.022   0.130   3.031   20.668 -0.000   0.000   10.576  -0.000
y2   3.602  15.039   0.407   1.478  0.086   0.498  11.622   79.248 -0.000   0.000   40.553  -0.000
y3   0.106   0.407   2.039   3.891  0.227   1.310   0.342    2.334 -0.000  -0.000   10.916  -0.000
y4   0.386   1.478   3.891  14.606  0.823   4.760   1.244    8.481 -0.000  -0.000   39.659  -0.000
y5   0.022   0.086   0.227   0.823  2.204   8.330  -0.001   -0.010  0.753  -0.068    2.310   4.542
y6   0.130   0.498   1.310   4.760  8.330  55.693  -0.009   -0.058  4.355  -0.396   13.355  26.262
y7   3.031  11.622   0.342   1.244 -0.001  -0.009  13.841   87.773 -0.119   1.534   34.123   2.992
y8  20.668  79.248   2.334   8.481 -0.010  -0.058  87.773  601.818 -0.809  10.462  232.678  20.403
x1  -0.000  -0.000  -0.000  -0.000  0.753   4.355  -0.119   -0.809  0.891  -0.081   -0.000   5.345
x2   0.000   0.000  -0.000  -0.000 -0.068  -0.396   1.534   10.462 -0.081   1.047   -0.000   2.042
x3  10.576  40.553  10.916  39.659  2.310  13.355  34.123  232.678 -0.000  -0.000  211.235   0.146
x4  -0.000  -0.000  -0.000  -0.000  4.542  26.262   2.992   20.403  5.345   2.042    0.146  39.203
Euclidian difference between them: 25.1982532987
