All variables: ['x1', 'x2', 'x3', 'x4', 'x5', 'x6']
Observable variables: ['x1', 'x2', 'x3', 'x4', 'x5', 'x6']
Structural part: ['x1', 'x2', 'x3', 'x4', 'x5', 'x6']
Measurement part: ['x1', 'x2', 'x3', 'x4', 'x5', 'x6']
Latent varaibles: []
Endogenous variables: ['x1', 'x2', 'x3', 'x4', 'x5', 'x6']
Exogenous variables: []
Beta
Shape: (6, 6)
       x1     x2     x3     x4     x5     x6
x1  0.000 -0.331  1.423  0.246 -0.023  0.571
x2  0.444  0.000  0.024 -0.076  0.022 -0.026
x3 -1.616 -0.425  0.000  0.444 -0.126  0.335
x4  0.536  0.083  0.006  0.000  0.388  0.007
x5  0.054 -0.023  0.081  0.161  0.000 -0.455
x6 -0.424 -0.449  0.092  0.060  0.361  0.000
Lambda
Shape: (6, 6)
     x1   x2   x3   x4   x5   x6
x1  1.0  0.0  0.0  0.0  0.0  0.0
x2  0.0  1.0  0.0  0.0  0.0  0.0
x3  0.0  0.0  1.0  0.0  0.0  0.0
x4  0.0  0.0  0.0  1.0  0.0  0.0
x5  0.0  0.0  0.0  0.0  1.0  0.0
x6  0.0  0.0  0.0  0.0  0.0  1.0
Psi
Shape: (6, 6)
       x1     x2     x3       x4     x5    x6
x1  20.81  0.000  0.000    0.000   0.00  0.00
x2   0.00  0.095  0.000    0.000   0.00  0.00
x3   0.00  0.000  0.219    0.000   0.00  0.00
x4   0.00  0.000  0.000  340.171   0.00  0.00
x5   0.00  0.000  0.000    0.000  14.56  0.00
x6   0.00  0.000  0.000    0.000   0.00  0.18
Theta
Shape: (6, 6)
     x1   x2   x3   x4   x5   x6
x1  0.0  0.0  0.0  0.0  0.0  0.0
x2  0.0  0.0  0.0  0.0  0.0  0.0
x3  0.0  0.0  0.0  0.0  0.0  0.0
x4  0.0  0.0  0.0  0.0  0.0  0.0
x5  0.0  0.0  0.0  0.0  0.0  0.0
x6  0.0  0.0  0.0  0.0  0.0  0.0
Empirical covariance matrix:
Shape: (6, 6)
         x1      x2     x3       x4       x5     x6
x1   41.885   6.515  0.882  168.640   30.978  0.760
x2    6.515   1.044  0.046   26.085    4.990  0.126
x3    0.882   0.046  0.914    5.004    0.008 -0.035
x4  168.640  26.085  5.004  682.190  123.718  2.954
x5   30.978   4.990  0.008  123.718   29.305  2.597
x6    0.760   0.126 -0.035    2.954    2.597  0.884
Model-implied covariance matrix:
Shape: (6, 6)
         x1      x2     x3       x4      x5     x6
x1   34.085   5.546 -1.285  133.232  25.071  0.034
x2    5.546   1.059 -0.763   20.662   4.184 -0.132
x3   -1.285  -0.763  4.504    3.439  -0.692  1.237
x4  133.232  20.662  3.439  537.904  98.897  2.558
x5   25.071   4.184 -0.692   98.897  29.119  3.825
x6    0.034  -0.132  1.237    2.558   3.825  1.828
Euclidian difference between them: 157.44485257915537
