All variables: ['x1', 'x2', 'x3', 'x4', 'x5', 'x6']
Observable variables: ['x1', 'x2', 'x3', 'x4', 'x5', 'x6']
Structural part: ['x1', 'x2', 'x3', 'x4', 'x5', 'x6']
Measurement part: ['x1', 'x2', 'x3', 'x4', 'x5', 'x6']
Latent varaibles: []
Endogenous variables: ['x1', 'x2', 'x3', 'x4', 'x5', 'x6']
Exogenous variables: []
Beta
Shape: (6, 6)
       x1     x2     x3     x4     x5     x6
x1  0.000  0.169 -0.478  0.230  0.024 -0.059
x2  0.123  0.000 -0.054 -0.005  0.072 -0.165
x3 -0.264 -0.098  0.000  0.106 -0.087  0.150
x4  3.803  0.324  1.242  0.000  0.095 -0.247
x5  0.406  0.468 -0.596  0.051  0.000  1.744
x6 -0.027 -0.034  0.147 -0.024  0.201  0.000
Lambda
Shape: (6, 6)
     x1   x2   x3   x4   x5   x6
x1  1.0  0.0  0.0  0.0  0.0  0.0
x2  0.0  1.0  0.0  0.0  0.0  0.0
x3  0.0  0.0  1.0  0.0  0.0  0.0
x4  0.0  0.0  0.0  1.0  0.0  0.0
x5  0.0  0.0  0.0  0.0  1.0  0.0
x6  0.0  0.0  0.0  0.0  0.0  1.0
Psi
Shape: (6, 6)
      x1     x2     x3     x4     x5     x6
x1  0.13  0.000  0.000  0.000  0.000  0.000
x2  0.00  0.014  0.000  0.000  0.000  0.000
x3  0.00  0.000  0.723  0.000  0.000  0.000
x4  0.00  0.000  0.000  1.323  0.000  0.000
x5  0.00  0.000  0.000  0.000  1.556  0.000
x6  0.00  0.000  0.000  0.000  0.000  0.303
Theta
Shape: (6, 6)
     x1   x2   x3   x4   x5   x6
x1  0.0  0.0  0.0  0.0  0.0  0.0
x2  0.0  0.0  0.0  0.0  0.0  0.0
x3  0.0  0.0  0.0  0.0  0.0  0.0
x4  0.0  0.0  0.0  0.0  0.0  0.0
x5  0.0  0.0  0.0  0.0  0.0  0.0
x6  0.0  0.0  0.0  0.0  0.0  0.0
Empirical covariance matrix:
Shape: (6, 6)
         x1      x2     x3       x4       x5     x6
x1   41.885   6.515  0.882  168.640   30.978  0.760
x2    6.515   1.044  0.046   26.085    4.990  0.126
x3    0.882   0.046  0.914    5.004    0.008 -0.035
x4  168.640  26.085  5.004  682.190  123.718  2.954
x5   30.978   4.990  0.008  123.718   29.305  2.597
x6    0.760   0.126 -0.035    2.954    2.597  0.884
Model-implied covariance matrix:
Shape: (6, 6)
         x1      x2     x3       x4       x5     x6
x1   41.861   6.511  0.881  168.539   30.958  0.758
x2    6.511   1.044  0.046   26.071    4.986  0.126
x3    0.881   0.046  0.913    4.998    0.009 -0.035
x4  168.539  26.071  4.998  681.760  123.638  2.946
x5   30.958   4.986  0.009  123.638   29.271  2.591
x6    0.758   0.126 -0.035    2.946    2.591  0.883
Euclidian difference between them: 0.47109712191872116
