All variables: ['eta1', 'eta2', 'eta3', 'eta4', 'x1', 'x2', 'x3', 'x4', 'y1', 'y2', 'y3', 'y4', 'y5', 'y6', 'y7', 'y8', 'y9']
Observable variables: ['x1', 'x2', 'x3', 'x4', 'y1', 'y2', 'y3', 'y4', 'y5', 'y6', 'y7', 'y8', 'y9']
Structural part: ['eta1', 'eta2', 'eta3', 'eta4', 'x1', 'x2', 'x3', 'x4']
Measurement part: ['y1', 'y2', 'y3', 'y4', 'y5', 'y6', 'y7', 'y8', 'y9', 'x1', 'x2', 'x3', 'x4']
Latent varaibles: ['eta1', 'eta2', 'eta3', 'eta4']
Endogenous variables: ['eta2', 'eta3', 'eta4', 'x1', 'x2', 'x3', 'x4']
Exogenous variables: ['eta1']
Beta
Shape: (8, 8)
      eta1   eta2   eta3   eta4     x1   x2   x3     x4
eta1  0.00  0.000  0.000  0.000  0.000  0.0  0.0  0.000
eta2  0.00  0.000  0.000  0.000  3.225  0.0  0.0 -0.441
eta3  0.00  4.458  0.000  0.000  0.000  0.0  0.0  0.000
eta4  0.00  0.000  0.647  0.000  0.000  0.0  0.0  0.000
x1    1.71  0.000  0.000  0.000  0.000  0.0  0.0  0.000
x2    0.00  0.000  0.000  0.000  0.380  0.0  0.0  0.000
x3    0.00  0.000  0.785  0.000  0.000  0.0  0.0  0.000
x4    0.00  0.000  0.000  1.847  0.000  0.0  0.0  0.000
Lambda
Shape: (13, 8)
     eta1   eta2   eta3   eta4   x1   x2   x3   x4
y1  1.000  0.000  0.000  0.000  0.0  0.0  0.0  0.0
y2  7.089  0.000  0.000  0.000  0.0  0.0  0.0  0.0
y3  0.000  1.000  0.000  0.000  0.0  0.0  0.0  0.0
y4  0.000  3.798  0.000  0.000  0.0  0.0  0.0  0.0
y5  0.000  0.000  1.000  0.000  0.0  0.0  0.0  0.0
y6  0.000  0.000  8.666  0.000  0.0  0.0  0.0  0.0
y7  0.000  0.000  1.598  0.000  0.0  0.0  0.0  0.0
y8  0.000  0.000  0.000  1.000  0.0  0.0  0.0  0.0
y9  0.000  0.000  0.000  7.504  0.0  0.0  0.0  0.0
x1  0.000  0.000  0.000  0.000  1.0  0.0  0.0  0.0
x2  0.000  0.000  0.000  0.000  0.0  1.0  0.0  0.0
x3  0.000  0.000  0.000  0.000  0.0  0.0  1.0  0.0
x4  0.000  0.000  0.000  0.000  0.0  0.0  0.0  1.0
Psi
Shape: (8, 8)
       eta1   eta2   eta3   eta4     x1     x2     x3      x4
eta1  0.611  0.000  0.000  0.000  0.000  0.000  0.000   0.000
eta2  0.000  2.475  0.000  0.000  0.000  0.000  0.000   0.000
eta3  0.000  0.000  0.279  0.000  0.000  0.000  0.000   0.000
eta4  0.000  0.000  0.000  2.086  0.000  0.000  0.000   0.000
x1    0.000  0.000  0.000  0.000  0.311  0.000  0.000   0.000
x2    0.000  0.000  0.000  0.000  0.000  0.845  0.543   0.000
x3    0.000  0.000  0.000  0.000  0.000  0.543  0.605   0.000
x4    0.000  0.000  0.000  0.000  0.000  0.000  0.000  11.686
Theta
Shape: (13, 13)
       y1     y2     y3     y4     y5        y6     y7    y8       y9   x1   x2   x3   x4
y1  1.734  0.000  0.000  0.000  0.000     0.000  0.000  0.00    0.000  0.0  0.0  0.0  0.0
y2  0.000  1.989  0.000  0.000  0.000     0.000  0.000  0.00    0.000  0.0  0.0  0.0  0.0
y3  0.000  0.000  1.829  0.000  0.000     0.000  0.000  0.00    0.000  0.0  0.0  0.0  0.0
y4  0.000  0.000  0.000  1.837  0.000     0.000  0.000  0.00    0.000  0.0  0.0  0.0  0.0
y5  0.000  0.000  0.000  0.000  1.728     0.000  0.000  0.00    0.000  0.0  0.0  0.0  0.0
y6  0.000  0.000  0.000  0.000  0.000  1864.653  0.000  0.00    0.000  0.0  0.0  0.0  0.0
y7  0.000  0.000  0.000  0.000  0.000     0.000  1.902  0.00    0.000  0.0  0.0  0.0  0.0
y8  0.000  0.000  0.000  0.000  0.000     0.000  0.000  1.75    0.000  0.0  0.0  0.0  0.0
y9  0.000  0.000  0.000  0.000  0.000     0.000  0.000  0.00  500.762  0.0  0.0  0.0  0.0
x1  0.000  0.000  0.000  0.000  0.000     0.000  0.000  0.00    0.000  0.0  0.0  0.0  0.0
x2  0.000  0.000  0.000  0.000  0.000     0.000  0.000  0.00    0.000  0.0  0.0  0.0  0.0
x3  0.000  0.000  0.000  0.000  0.000     0.000  0.000  0.00    0.000  0.0  0.0  0.0  0.0
x4  0.000  0.000  0.000  0.000  0.000     0.000  0.000  0.00    0.000  0.0  0.0  0.0  0.0
Empirical covariance matrix:
Shape: (13, 13)
        y1       y2      y3       y4       y5        y6       y7       y8        y9      x1      x2       x3       x4
y1   2.001    5.781   1.150    5.774    6.792    58.763   10.828    4.043    31.972   1.390   0.569    5.409    6.990
y2   5.781   33.318   6.666   32.944   38.131   330.380   61.127   22.892   181.345   7.865   3.212   30.497   39.716
y3   1.150    6.666   2.329    7.000    8.166    71.202   13.223    4.946    39.153   1.643   0.667    6.593    8.710
y4   5.774   32.944   7.000   37.596   42.494   368.181   68.184   25.321   201.805   8.279   3.409   33.913   44.472
y5   6.792   38.131   8.166   42.494   50.776   432.617   80.090   29.860   237.132   9.590   4.148   39.846   52.087
y6  58.763  330.380  71.202  368.181  432.617  3753.711  694.162  259.357  2056.036  83.078  36.150  345.498  451.523
y7  10.828   61.127  13.223   68.184   80.090   694.162  129.395   47.900   380.293  15.354   6.621   63.890   83.503
y8   4.043   22.892   4.946   25.321   29.860   259.357   47.900   19.009   142.646   5.740   2.508   23.888   31.313
y9  31.972  181.345  39.153  201.805  237.132  2056.036  380.293  142.646  1132.413  45.503  19.748  189.281  248.524
x1   1.390    7.865   1.643    8.279    9.590    83.078   15.354    5.740    45.503   1.992   0.820    7.656    9.972
x2   0.569    3.212   0.667    3.409    4.148    36.150    6.621    2.508    19.748   0.820   0.472    3.333    4.310
x3   5.409   30.497   6.593   33.913   39.846   345.498   63.890   23.888   189.281   7.656   3.333   31.897   41.599
x4   6.990   39.716   8.710   44.472   52.087   451.523   83.503   31.313   248.524   9.972   4.310   41.599   55.106
Model-implied covariance matrix:
Shape: (13, 13)
        y1       y2      y3       y4       y5        y6       y7       y8        y9      x1      x2       x3       x4
y1   2.346    4.334   1.007    3.823    4.488    38.893    7.172    2.904    21.790   1.045   0.397    3.521    5.364
y2   4.334   32.709   7.136   27.100   31.813   275.697   50.838   20.584   154.465   7.410   2.817   24.959   38.027
y3   1.007    7.136   4.328    9.491   11.098    96.175   17.735    6.673    50.077   2.021   0.768    8.707   10.790
y4   3.823   27.100   9.491   37.882   42.148   365.256   67.353   25.344   190.184   7.674   2.918   33.067   40.978
y5   4.488   31.813  11.098   42.148   51.288   429.498   79.199   29.805   223.663   9.008   3.425   38.883   48.204
y6  38.893  275.697  96.175  365.256  429.498  5586.734  686.348  258.297  1938.290  78.069  29.680  336.961  417.745
y7   7.172   50.838  17.735   67.353   79.199   686.348  128.464   47.630   357.419  14.396   5.473   62.135   77.032
y8   2.904   20.584   6.673   25.344   29.805   258.297   47.630   21.657   149.390   5.829   2.216   23.384   32.340
y9  21.790  154.465  50.077  190.184  223.663  1938.290  357.419  149.390  1621.803  43.739  16.629  175.474  242.685
x1   1.045    7.410   2.021    7.674    9.008    78.069   14.396    5.829    43.739   2.098   0.798    7.068   10.768
x2   0.397    2.817   0.768    2.918    3.425    29.680    5.473    2.216    16.629   0.798   1.149    3.230    4.094
x3   3.521   24.959   8.707   33.067   38.883   336.961   62.135   23.384   175.474   7.068   3.230   31.110   37.819
x4   5.364   38.027  10.790   40.978   48.204   417.745   77.032   32.340   242.685  10.768   4.094   37.819   63.234
Euclidian difference between them: 1908.65043173
