All variables: ['x1', 'x2', 'x3', 'x4', 'x5', 'x6']
Observable variables: ['x1', 'x2', 'x3', 'x4', 'x5', 'x6']
Structural part: ['x1', 'x2', 'x3', 'x4', 'x5', 'x6']
Measurement part: ['x1', 'x2', 'x3', 'x4', 'x5', 'x6']
Latent varaibles: []
Endogenous variables: ['x1', 'x2', 'x3', 'x4', 'x5', 'x6']
Exogenous variables: []
Beta
Shape: (6, 6)
       x1     x2     x3     x4     x5     x6
x1  0.000 -1.363  2.515  0.483 -1.365  3.144
x2  0.746  0.000 -0.084 -0.122 -0.141  0.403
x3 -1.628 -2.132  0.000  0.474  0.101 -0.172
x4  0.052  0.735 -1.439  0.000  1.576 -1.113
x5 -0.459  1.065 -1.762  0.255  0.000 -1.803
x6  0.994 -2.980  0.336 -0.202  0.397  0.000
Lambda
Shape: (6, 6)
     x1   x2   x3   x4   x5   x6
x1  1.0  0.0  0.0  0.0  0.0  0.0
x2  0.0  1.0  0.0  0.0  0.0  0.0
x3  0.0  0.0  1.0  0.0  0.0  0.0
x4  0.0  0.0  0.0  1.0  0.0  0.0
x5  0.0  0.0  0.0  0.0  1.0  0.0
x6  0.0  0.0  0.0  0.0  0.0  1.0
Psi
Shape: (6, 6)
        x1     x2     x3       x4      x5     x6
x1  20.224  0.000  0.000    0.000   0.000  0.000
x2   0.000  0.107  0.000    0.000   0.000  0.000
x3   0.000  0.000  0.273    0.000   0.000  0.000
x4   0.000  0.000  0.000  341.111   0.000  0.000
x5   0.000  0.000  0.000    0.000  16.397  0.000
x6   0.000  0.000  0.000    0.000   0.000  0.203
Theta
Shape: (6, 6)
     x1   x2   x3   x4   x5   x6
x1  0.0  0.0  0.0  0.0  0.0  0.0
x2  0.0  0.0  0.0  0.0  0.0  0.0
x3  0.0  0.0  0.0  0.0  0.0  0.0
x4  0.0  0.0  0.0  0.0  0.0  0.0
x5  0.0  0.0  0.0  0.0  0.0  0.0
x6  0.0  0.0  0.0  0.0  0.0  0.0
Empirical covariance matrix:
Shape: (6, 6)
         x1      x2     x3       x4       x5     x6
x1   41.885   6.515  0.882  168.640   30.978  0.760
x2    6.515   1.044  0.046   26.085    4.990  0.126
x3    0.882   0.046  0.914    5.004    0.008 -0.035
x4  168.640  26.085  5.004  682.190  123.718  2.954
x5   30.978   4.990  0.008  123.718   29.305  2.597
x6    0.760   0.126 -0.035    2.954    2.597  0.884
Model-implied covariance matrix:
Shape: (6, 6)
         x1      x2     x3       x4       x5     x6
x1   41.894   6.516  0.882  168.674   30.985  0.760
x2    6.516   1.045  0.046   26.091    4.991  0.126
x3    0.882   0.046  0.914    5.004    0.008 -0.035
x4  168.674  26.091  5.004  682.327  123.746  2.954
x5   30.985   4.991  0.008  123.746   29.310  2.597
x6    0.760   0.126 -0.035    2.954    2.597  0.883
Euclidian difference between them: 0.15097378157391259
