All variables: ['x1', 'x2', 'x3', 'x4', 'x5', 'x6']
Observable variables: ['x1', 'x2', 'x3', 'x4', 'x5', 'x6']
Structural part: ['x1', 'x2', 'x3', 'x4', 'x5', 'x6']
Measurement part: ['x1', 'x2', 'x3', 'x4', 'x5', 'x6']
Latent varaibles: []
Endogenous variables: ['x1', 'x2', 'x3', 'x4', 'x5', 'x6']
Exogenous variables: []
Beta
Shape: (6, 6)
       x1   x2     x3     x4     x5     x6
x1  0.000  0.0 -0.388  0.249  0.006 -0.000
x2  0.107  0.0 -0.056  0.000  0.072 -0.159
x3  0.000 -0.0  0.000  0.027 -0.109  0.000
x4  0.404 -0.0  0.000  0.000  0.000 -0.000
x5  0.000 -0.0 -0.000  0.179  0.000 -0.000
x6 -0.000 -0.0  0.230 -0.056  0.325  0.000
Lambda
Shape: (6, 6)
     x1   x2   x3   x4   x5   x6
x1  1.0  0.0  0.0  0.0  0.0  0.0
x2  0.0  1.0  0.0  0.0  0.0  0.0
x3  0.0  0.0  1.0  0.0  0.0  0.0
x4  0.0  0.0  0.0  1.0  0.0  0.0
x5  0.0  0.0  0.0  0.0  1.0  0.0
x6  0.0  0.0  0.0  0.0  0.0  1.0
Psi
Shape: (6, 6)
       x1     x2     x3       x4     x5     x6
x1  0.054  0.000  0.000    0.000  0.000  0.000
x2  0.000  0.014  0.000    0.000  0.000  0.000
x3  0.000  0.000  0.763    0.000  0.000  0.000
x4  0.000  0.000  0.000  341.288  0.000  0.000
x5  0.000  0.000  0.000    0.000  6.874  0.000
x6  0.000  0.000  0.000    0.000  0.000  0.195
Theta
Shape: (6, 6)
     x1   x2   x3   x4   x5   x6
x1  0.0  0.0  0.0  0.0  0.0  0.0
x2  0.0  0.0  0.0  0.0  0.0  0.0
x3  0.0  0.0  0.0  0.0  0.0  0.0
x4  0.0  0.0  0.0  0.0  0.0  0.0
x5  0.0  0.0  0.0  0.0  0.0  0.0
x6  0.0  0.0  0.0  0.0  0.0  0.0
Empirical covariance matrix:
Shape: (6, 6)
         x1      x2     x3       x4       x5     x6
x1   41.885   6.515  0.882  168.640   30.978  0.760
x2    6.515   1.044  0.046   26.085    4.990  0.126
x3    0.882   0.046  0.914    5.004    0.008 -0.035
x4  168.640  26.085  5.004  682.190  123.718  2.954
x5   30.978   4.990  0.008  123.718   29.305  2.597
x6    0.760   0.126 -0.035    2.954    2.597  0.884
Model-implied covariance matrix:
Shape: (6, 6)
         x1      x2     x3       x4      x5     x6
x1   25.935   4.037  0.418  104.144  19.052  0.430
x2    4.037   0.657 -0.013   16.095   3.136  0.080
x3    0.418  -0.013  0.865    3.030  -0.202 -0.037
x4  104.144  16.095  3.030  421.196  75.727  1.618
x5   19.052   3.136 -0.202   75.727  20.489  2.350
x6    0.430   0.080 -0.037    1.618   2.350  0.858
Euclidian difference between them: 286.1668509297619
