All variables: ['SOS1', 'AKT3', 'MAP2K2', 'MAPK3', 'NRAS', 'PIK3CA', 'RAF1']
Observable variables: ['AKT3', 'MAP2K2', 'MAPK3', 'NRAS', 'PIK3CA', 'RAF1', 'SOS1']
Structural part: ['SOS1', 'AKT3', 'MAP2K2', 'MAPK3', 'NRAS', 'PIK3CA', 'RAF1']
Measurement part: ['SOS1', 'AKT3', 'MAP2K2', 'MAPK3', 'NRAS', 'PIK3CA', 'RAF1']
Latent varaibles: []
Endogenous variables: ['AKT3', 'MAP2K2', 'MAPK3', 'NRAS', 'PIK3CA', 'RAF1']
Exogenous variables: ['SOS1']
Beta
Shape: (7, 7)
         SOS1  AKT3  MAP2K2  MAPK3   NRAS  PIK3CA   RAF1
SOS1    0.000   0.0    0.00    0.0  0.000   0.000  0.000
AKT3    0.000   0.0    0.00    0.0  0.000   0.779  0.000
MAP2K2  0.000   0.0    0.00    0.0  0.000   0.000  0.839
MAPK3   0.000   0.0    0.15    0.0  0.000   0.000  0.000
NRAS    0.375   0.0    0.00    0.0  0.000   0.000  0.000
PIK3CA  0.000   0.0    0.00    0.0  0.081   0.000  0.000
RAF1    0.000   0.0    0.00    0.0  0.008   0.000  0.000
Lambda
Shape: (7, 7)
        SOS1  AKT3  MAP2K2  MAPK3  NRAS  PIK3CA  RAF1
SOS1     1.0   0.0     0.0    0.0   0.0     0.0   0.0
AKT3     0.0   1.0     0.0    0.0   0.0     0.0   0.0
MAP2K2   0.0   0.0     1.0    0.0   0.0     0.0   0.0
MAPK3    0.0   0.0     0.0    1.0   0.0     0.0   0.0
NRAS     0.0   0.0     0.0    0.0   1.0     0.0   0.0
PIK3CA   0.0   0.0     0.0    0.0   0.0     1.0   0.0
RAF1     0.0   0.0     0.0    0.0   0.0     0.0   1.0
Psi
Shape: (7, 7)
         SOS1   AKT3  MAP2K2  MAPK3   NRAS  PIK3CA   RAF1
SOS1    1.453  0.000   0.000  0.000  0.000   0.000  0.000
AKT3    0.000  0.304   0.000 -0.023  0.000   0.000  0.000
MAP2K2  0.000  0.000   0.496  0.000  0.000   0.000  0.000
MAPK3   0.000 -0.023   0.000  0.058  0.000   0.000  0.000
NRAS    0.000  0.000   0.000  0.000  0.384   0.000  0.000
PIK3CA  0.000  0.000   0.000  0.000  0.000   0.375  0.000
RAF1    0.000  0.000   0.000  0.000  0.000   0.000  0.118
Theta
Shape: (7, 7)
        SOS1  AKT3  MAP2K2  MAPK3  NRAS  PIK3CA  RAF1
SOS1     0.0   0.0     0.0    0.0   0.0     0.0   0.0
AKT3     0.0   0.0     0.0    0.0   0.0     0.0   0.0
MAP2K2   0.0   0.0     0.0    0.0   0.0     0.0   0.0
MAPK3    0.0   0.0     0.0    0.0   0.0     0.0   0.0
NRAS     0.0   0.0     0.0    0.0   0.0     0.0   0.0
PIK3CA   0.0   0.0     0.0    0.0   0.0     0.0   0.0
RAF1     0.0   0.0     0.0    0.0   0.0     0.0   0.0
Empirical covariance matrix:
Shape: (7, 7)
         SOS1   AKT3  MAP2K2  MAPK3   NRAS  PIK3CA   RAF1
SOS1    1.248 -0.023  -0.076 -0.001  0.510   0.008 -0.033
AKT3   -0.023  0.602  -0.081 -0.048  0.053   0.279 -0.017
MAP2K2 -0.076 -0.081   0.419  0.069  0.037  -0.056  0.078
MAPK3  -0.001 -0.048   0.069  0.078  0.004  -0.011  0.014
NRAS    0.510  0.053   0.037  0.004  0.603   0.034  0.001
PIK3CA  0.008  0.279  -0.056 -0.011  0.034   0.310 -0.007
RAF1   -0.033 -0.017   0.078  0.014  0.001  -0.007  0.125
Model-implied covariance matrix:
Shape: (7, 7)
         SOS1   AKT3  MAP2K2  MAPK3   NRAS  PIK3CA   RAF1
SOS1    1.453  0.034   0.004  0.001  0.545   0.044  0.005
AKT3    0.034  0.533   0.000 -0.023  0.037   0.295  0.000
MAP2K2  0.004  0.000   0.579  0.087  0.004   0.000  0.099
MAPK3   0.001 -0.023   0.087  0.071  0.001   0.000  0.015
NRAS    0.545  0.037   0.004  0.001  0.589   0.048  0.005
PIK3CA  0.044  0.295   0.000  0.000  0.048   0.378  0.000
RAF1    0.005  0.000   0.099  0.015  0.005   0.000  0.118
Euclidian difference between them: 0.362215617821
