All variables: ['SOS1', 'AKT3', 'MAP2K2', 'MAPK3', 'NRAS', 'PIK3CA', 'RAF1']
Observable variables: ['AKT3', 'MAP2K2', 'MAPK3', 'NRAS', 'PIK3CA', 'RAF1', 'SOS1']
Structural part: ['SOS1', 'AKT3', 'MAP2K2', 'MAPK3', 'NRAS', 'PIK3CA', 'RAF1']
Measurement part: ['SOS1', 'AKT3', 'MAP2K2', 'MAPK3', 'NRAS', 'PIK3CA', 'RAF1']
Latent varaibles: []
Endogenous variables: ['AKT3', 'MAP2K2', 'MAPK3', 'NRAS', 'PIK3CA', 'RAF1']
Exogenous variables: ['SOS1']
Beta
Shape: (7, 7)
         SOS1  AKT3  MAP2K2  MAPK3   NRAS  PIK3CA   RAF1
SOS1    0.000   0.0   0.000    0.0  0.000   0.000  0.000
AKT3    0.000   0.0   0.000    0.0  0.000   0.767  0.000
MAP2K2  0.000   0.0   0.000    0.0  0.000   0.000  0.519
MAPK3   0.000   0.0   0.274    0.0  0.000   0.000  0.000
NRAS    0.393   0.0   0.000    0.0  0.000   0.000  0.000
PIK3CA  0.000   0.0   0.000    0.0 -0.294   0.000  0.000
RAF1    0.000   0.0   0.000    0.0  0.036   0.000  0.000
Lambda
Shape: (7, 7)
        SOS1  AKT3  MAP2K2  MAPK3  NRAS  PIK3CA  RAF1
SOS1     1.0   0.0     0.0    0.0   0.0     0.0   0.0
AKT3     0.0   1.0     0.0    0.0   0.0     0.0   0.0
MAP2K2   0.0   0.0     1.0    0.0   0.0     0.0   0.0
MAPK3    0.0   0.0     0.0    1.0   0.0     0.0   0.0
NRAS     0.0   0.0     0.0    0.0   1.0     0.0   0.0
PIK3CA   0.0   0.0     0.0    0.0   0.0     1.0   0.0
RAF1     0.0   0.0     0.0    0.0   0.0     0.0   1.0
Psi
Shape: (7, 7)
         SOS1   AKT3  MAP2K2  MAPK3   NRAS  PIK3CA   RAF1
SOS1    1.453  0.000     0.0  0.000  0.000   0.000  0.000
AKT3    0.000  0.325     0.0 -0.026  0.000   0.000  0.000
MAP2K2  0.000  0.000     0.5  0.000  0.000   0.000  0.000
MAPK3   0.000 -0.026     0.0  0.056  0.000   0.000  0.000
NRAS    0.000  0.000     0.0  0.000  0.397   0.000  0.000
PIK3CA  0.000  0.000     0.0  0.000  0.000   0.356  0.000
RAF1    0.000  0.000     0.0  0.000  0.000   0.000  0.126
Theta
Shape: (7, 7)
        SOS1  AKT3  MAP2K2  MAPK3  NRAS  PIK3CA  RAF1
SOS1     0.0   0.0     0.0    0.0   0.0     0.0   0.0
AKT3     0.0   0.0     0.0    0.0   0.0     0.0   0.0
MAP2K2   0.0   0.0     0.0    0.0   0.0     0.0   0.0
MAPK3    0.0   0.0     0.0    0.0   0.0     0.0   0.0
NRAS     0.0   0.0     0.0    0.0   0.0     0.0   0.0
PIK3CA   0.0   0.0     0.0    0.0   0.0     0.0   0.0
RAF1     0.0   0.0     0.0    0.0   0.0     0.0   0.0
Empirical covariance matrix:
Shape: (7, 7)
         SOS1   AKT3  MAP2K2  MAPK3   NRAS  PIK3CA   RAF1
SOS1    1.398 -0.223   0.077  0.027  0.608  -0.234  0.040
AKT3   -0.223  0.662  -0.020 -0.033 -0.207   0.369 -0.001
MAP2K2  0.077 -0.020   0.457  0.123  0.052  -0.019  0.073
MAPK3   0.027 -0.033   0.123  0.089  0.014  -0.006  0.023
NRAS    0.608 -0.207   0.052  0.014  0.689  -0.252  0.036
PIK3CA -0.234  0.369  -0.019 -0.006 -0.252   0.398 -0.006
RAF1    0.040 -0.001   0.073  0.023  0.036  -0.006  0.131
Model-implied covariance matrix:
Shape: (7, 7)
         SOS1   AKT3  MAP2K2  MAPK3   NRAS  PIK3CA   RAF1
SOS1    1.453 -0.129   0.011  0.003  0.571  -0.168  0.020
AKT3   -0.129  0.566  -0.003 -0.027 -0.140   0.314 -0.005
MAP2K2  0.011 -0.003   0.534  0.146  0.012  -0.003  0.066
MAPK3   0.003 -0.027   0.146  0.096  0.003  -0.001  0.018
NRAS    0.571 -0.140   0.012  0.003  0.622  -0.183  0.022
PIK3CA -0.168  0.314  -0.003 -0.001 -0.183   0.409 -0.007
RAF1    0.020 -0.005   0.066  0.018  0.022  -0.007  0.127
Euclidian difference between them: 0.30649958856
