All variables: ['SOS1', 'AKT3', 'MAP2K2', 'MAPK3', 'NRAS', 'PIK3CA', 'RAF1']
Observable variables: ['AKT3', 'MAP2K2', 'MAPK3', 'NRAS', 'PIK3CA', 'RAF1', 'SOS1']
Structural part: ['SOS1', 'AKT3', 'MAP2K2', 'MAPK3', 'NRAS', 'PIK3CA', 'RAF1']
Measurement part: ['SOS1', 'AKT3', 'MAP2K2', 'MAPK3', 'NRAS', 'PIK3CA', 'RAF1']
Latent varaibles: []
Endogenous variables: ['AKT3', 'MAP2K2', 'MAPK3', 'NRAS', 'PIK3CA', 'RAF1']
Exogenous variables: ['SOS1']
Beta
Shape: (7, 7)
         SOS1  AKT3  MAP2K2  MAPK3   NRAS  PIK3CA   RAF1
SOS1    0.000   0.0    0.00    0.0  0.000   0.000  0.000
AKT3    0.000   0.0    0.00    0.0  0.000   0.501  0.000
MAP2K2  0.000   0.0    0.00    0.0  0.000   0.000  0.952
MAPK3   0.000   0.0    0.06    0.0  0.000   0.000  0.000
NRAS    0.434   0.0    0.00    0.0  0.000   0.000  0.000
PIK3CA  0.000   0.0    0.00    0.0  0.223   0.000  0.000
RAF1    0.000   0.0    0.00    0.0  0.098   0.000  0.000
Lambda
Shape: (7, 7)
        SOS1  AKT3  MAP2K2  MAPK3  NRAS  PIK3CA  RAF1
SOS1     1.0   0.0     0.0    0.0   0.0     0.0   0.0
AKT3     0.0   1.0     0.0    0.0   0.0     0.0   0.0
MAP2K2   0.0   0.0     1.0    0.0   0.0     0.0   0.0
MAPK3    0.0   0.0     0.0    1.0   0.0     0.0   0.0
NRAS     0.0   0.0     0.0    0.0   1.0     0.0   0.0
PIK3CA   0.0   0.0     0.0    0.0   0.0     1.0   0.0
RAF1     0.0   0.0     0.0    0.0   0.0     0.0   1.0
Psi
Shape: (7, 7)
         SOS1   AKT3  MAP2K2  MAPK3   NRAS  PIK3CA  RAF1
SOS1    1.453  0.000   0.000  0.000  0.000   0.000   0.0
AKT3    0.000  0.304   0.000 -0.006  0.000   0.000   0.0
MAP2K2  0.000  0.000   0.557  0.000  0.000   0.000   0.0
MAPK3   0.000 -0.006   0.000  0.059  0.000   0.000   0.0
NRAS    0.000  0.000   0.000  0.000  0.511   0.000   0.0
PIK3CA  0.000  0.000   0.000  0.000  0.000   0.358   0.0
RAF1    0.000  0.000   0.000  0.000  0.000   0.000   0.1
Theta
Shape: (7, 7)
        SOS1  AKT3  MAP2K2  MAPK3  NRAS  PIK3CA  RAF1
SOS1     0.0   0.0     0.0    0.0   0.0     0.0   0.0
AKT3     0.0   0.0     0.0    0.0   0.0     0.0   0.0
MAP2K2   0.0   0.0     0.0    0.0   0.0     0.0   0.0
MAPK3    0.0   0.0     0.0    0.0   0.0     0.0   0.0
NRAS     0.0   0.0     0.0    0.0   0.0     0.0   0.0
PIK3CA   0.0   0.0     0.0    0.0   0.0     0.0   0.0
RAF1     0.0   0.0     0.0    0.0   0.0     0.0   0.0
Empirical covariance matrix:
Shape: (7, 7)
         SOS1   AKT3  MAP2K2  MAPK3   NRAS  PIK3CA   RAF1
SOS1    0.916  0.084  -0.136 -0.029  0.317   0.108  0.028
AKT3    0.084  0.461  -0.098 -0.024  0.158   0.230  0.013
MAP2K2 -0.136 -0.098   0.779  0.117  0.078  -0.122  0.092
MAPK3  -0.029 -0.024   0.117  0.064  0.004  -0.005  0.018
NRAS    0.317  0.158   0.078  0.004  0.615   0.130  0.047
PIK3CA  0.108  0.230  -0.122 -0.005  0.130   0.401 -0.018
RAF1    0.028  0.013   0.092  0.018  0.047  -0.018  0.093
Model-implied covariance matrix:
Shape: (7, 7)
         SOS1   AKT3  MAP2K2  MAPK3   NRAS  PIK3CA   RAF1
SOS1    1.453  0.070   0.059  0.004  0.630   0.141  0.062
AKT3    0.070  0.403   0.008 -0.006  0.088   0.199  0.009
MAP2K2  0.059  0.008   0.655  0.039  0.073   0.016  0.103
MAPK3   0.004 -0.006   0.039  0.061  0.004   0.001  0.006
NRAS    0.630  0.088   0.073  0.004  0.784   0.175  0.077
PIK3CA  0.141  0.199   0.016  0.001  0.175   0.397  0.017
RAF1    0.062  0.009   0.103  0.006  0.077   0.017  0.108
Euclidian difference between them: 0.842422662385
