All variables: ['SOS1', 'AKT3', 'MAP2K2', 'MAPK3', 'NRAS', 'PIK3CA', 'RAF1']
Observable variables: ['AKT3', 'MAP2K2', 'MAPK3', 'NRAS', 'PIK3CA', 'RAF1', 'SOS1']
Structural part: ['SOS1', 'AKT3', 'MAP2K2', 'MAPK3', 'NRAS', 'PIK3CA', 'RAF1']
Measurement part: ['SOS1', 'AKT3', 'MAP2K2', 'MAPK3', 'NRAS', 'PIK3CA', 'RAF1']
Latent varaibles: []
Endogenous variables: ['AKT3', 'MAP2K2', 'MAPK3', 'NRAS', 'PIK3CA', 'RAF1']
Exogenous variables: ['SOS1']
Beta
Shape: (7, 7)
         SOS1  AKT3  MAP2K2  MAPK3   NRAS  PIK3CA   RAF1
SOS1    0.000   0.0   0.000    0.0  0.000   0.000  0.000
AKT3    0.000   0.0   0.000    0.0  0.000   0.615  0.000
MAP2K2  0.000   0.0   0.000    0.0  0.000   0.000  0.719
MAPK3   0.000   0.0   0.121    0.0  0.000   0.000  0.000
NRAS    0.274   0.0   0.000    0.0  0.000   0.000  0.000
PIK3CA  0.000   0.0   0.000    0.0 -0.403   0.000  0.000
RAF1    0.000   0.0   0.000    0.0  0.021   0.000  0.000
Lambda
Shape: (7, 7)
        SOS1  AKT3  MAP2K2  MAPK3  NRAS  PIK3CA  RAF1
SOS1     1.0   0.0     0.0    0.0   0.0     0.0   0.0
AKT3     0.0   1.0     0.0    0.0   0.0     0.0   0.0
MAP2K2   0.0   0.0     1.0    0.0   0.0     0.0   0.0
MAPK3    0.0   0.0     0.0    1.0   0.0     0.0   0.0
NRAS     0.0   0.0     0.0    0.0   1.0     0.0   0.0
PIK3CA   0.0   0.0     0.0    0.0   0.0     1.0   0.0
RAF1     0.0   0.0     0.0    0.0   0.0     0.0   1.0
Psi
Shape: (7, 7)
         SOS1   AKT3  MAP2K2  MAPK3   NRAS  PIK3CA   RAF1
SOS1    1.453  0.000   0.000  0.000  0.000   0.000  0.000
AKT3    0.000  0.304   0.000 -0.023  0.000   0.000  0.000
MAP2K2  0.000  0.000   0.496  0.000  0.000   0.000  0.000
MAPK3   0.000 -0.023   0.000  0.058  0.000   0.000  0.000
NRAS    0.000  0.000   0.000  0.000  0.384   0.000  0.000
PIK3CA  0.000  0.000   0.000  0.000  0.000   0.375  0.000
RAF1    0.000  0.000   0.000  0.000  0.000   0.000  0.118
Theta
Shape: (7, 7)
        SOS1  AKT3  MAP2K2  MAPK3  NRAS  PIK3CA  RAF1
SOS1     0.0   0.0     0.0    0.0   0.0     0.0   0.0
AKT3     0.0   0.0     0.0    0.0   0.0     0.0   0.0
MAP2K2   0.0   0.0     0.0    0.0   0.0     0.0   0.0
MAPK3    0.0   0.0     0.0    0.0   0.0     0.0   0.0
NRAS     0.0   0.0     0.0    0.0   0.0     0.0   0.0
PIK3CA   0.0   0.0     0.0    0.0   0.0     0.0   0.0
RAF1     0.0   0.0     0.0    0.0   0.0     0.0   0.0
Empirical covariance matrix:
Shape: (7, 7)
         SOS1   AKT3  MAP2K2  MAPK3   NRAS  PIK3CA   RAF1
SOS1    1.453  0.078   0.274 -0.092  0.520  -0.272  0.121
AKT3    0.078  0.596   0.062 -0.040 -0.463   0.341 -0.011
MAP2K2  0.274  0.062   0.556  0.064  0.316  -0.161  0.108
MAPK3  -0.092 -0.040   0.064  0.064 -0.009   0.020  0.042
NRAS    0.520 -0.463   0.316 -0.009  1.032  -0.485  0.065
PIK3CA -0.272  0.341  -0.161  0.020 -0.485   0.580 -0.019
RAF1    0.121 -0.011   0.108  0.042  0.065  -0.019  0.149
Model-implied covariance matrix:
Shape: (7, 7)
         SOS1   AKT3  MAP2K2  MAPK3   NRAS  PIK3CA   RAF1
SOS1    1.453 -0.099   0.006  0.001  0.398  -0.160  0.008
AKT3   -0.099  0.476  -0.002 -0.023 -0.122   0.280 -0.003
MAP2K2  0.006 -0.002   0.557  0.067  0.008  -0.003  0.085
MAPK3   0.001 -0.023   0.067  0.066  0.001  -0.000  0.010
NRAS    0.398 -0.122   0.008  0.001  0.493  -0.199  0.010
PIK3CA -0.160  0.280  -0.003 -0.000 -0.199   0.455 -0.004
RAF1    0.008 -0.003   0.085  0.010  0.010  -0.004  0.118
Euclidian difference between them: 1.13419751014
