All variables: ['SOS1', 'AKT3', 'MAP2K2', 'MAPK3', 'NRAS', 'PIK3CA', 'RAF1']
Observable variables: ['AKT3', 'MAP2K2', 'MAPK3', 'NRAS', 'PIK3CA', 'RAF1', 'SOS1']
Structural part: ['SOS1', 'AKT3', 'MAP2K2', 'MAPK3', 'NRAS', 'PIK3CA', 'RAF1']
Measurement part: ['SOS1', 'AKT3', 'MAP2K2', 'MAPK3', 'NRAS', 'PIK3CA', 'RAF1']
Latent varaibles: []
Endogenous variables: ['AKT3', 'MAP2K2', 'MAPK3', 'NRAS', 'PIK3CA', 'RAF1']
Exogenous variables: ['SOS1']
Beta
Shape: (7, 7)
         SOS1  AKT3  MAP2K2  MAPK3   NRAS  PIK3CA   RAF1
SOS1    0.000   0.0   0.000    0.0  0.000   0.000  0.000
AKT3    0.000   0.0   0.000    0.0  0.000   1.109  0.000
MAP2K2  0.000   0.0   0.000    0.0  0.000   0.000  0.732
MAPK3   0.000   0.0   0.165    0.0  0.000   0.000  0.000
NRAS    0.412   0.0   0.000    0.0  0.000   0.000  0.000
PIK3CA  0.000   0.0   0.000    0.0  0.338   0.000  0.000
RAF1    0.000   0.0   0.000    0.0  0.362   0.000  0.000
Lambda
Shape: (7, 7)
        SOS1  AKT3  MAP2K2  MAPK3  NRAS  PIK3CA  RAF1
SOS1     1.0   0.0     0.0    0.0   0.0     0.0   0.0
AKT3     0.0   1.0     0.0    0.0   0.0     0.0   0.0
MAP2K2   0.0   0.0     1.0    0.0   0.0     0.0   0.0
MAPK3    0.0   0.0     0.0    1.0   0.0     0.0   0.0
NRAS     0.0   0.0     0.0    0.0   1.0     0.0   0.0
PIK3CA   0.0   0.0     0.0    0.0   0.0     1.0   0.0
RAF1     0.0   0.0     0.0    0.0   0.0     0.0   1.0
Psi
Shape: (7, 7)
         SOS1   AKT3  MAP2K2  MAPK3   NRAS  PIK3CA   RAF1
SOS1    1.453  0.000   0.000  0.000  0.000   0.000  0.000
AKT3    0.000  0.304   0.000 -0.023  0.000   0.000  0.000
MAP2K2  0.000  0.000   0.496  0.000  0.000   0.000  0.000
MAPK3   0.000 -0.023   0.000  0.058  0.000   0.000  0.000
NRAS    0.000  0.000   0.000  0.000  0.384   0.000  0.000
PIK3CA  0.000  0.000   0.000  0.000  0.000   0.375  0.000
RAF1    0.000  0.000   0.000  0.000  0.000   0.000  0.118
Theta
Shape: (7, 7)
        SOS1  AKT3  MAP2K2  MAPK3  NRAS  PIK3CA  RAF1
SOS1     0.0   0.0     0.0    0.0   0.0     0.0   0.0
AKT3     0.0   0.0     0.0    0.0   0.0     0.0   0.0
MAP2K2   0.0   0.0     0.0    0.0   0.0     0.0   0.0
MAPK3    0.0   0.0     0.0    0.0   0.0     0.0   0.0
NRAS     0.0   0.0     0.0    0.0   0.0     0.0   0.0
PIK3CA   0.0   0.0     0.0    0.0   0.0     0.0   0.0
RAF1     0.0   0.0     0.0    0.0   0.0     0.0   0.0
Empirical covariance matrix:
Shape: (7, 7)
         SOS1   AKT3  MAP2K2  MAPK3   NRAS  PIK3CA   RAF1
SOS1    0.585  0.441  -0.212 -0.029  0.348   0.388  0.120
AKT3    0.441  0.894  -0.182 -0.013  0.342   0.386  0.145
MAP2K2 -0.212 -0.182   0.575  0.101  0.088  -0.175  0.144
MAPK3  -0.029 -0.013   0.101  0.066 -0.012  -0.025  0.040
NRAS    0.348  0.342   0.088 -0.012  0.588   0.252  0.222
PIK3CA  0.388  0.386  -0.175 -0.025  0.252   0.354  0.094
RAF1    0.120  0.145   0.144  0.040  0.222   0.094  0.225
Model-implied covariance matrix:
Shape: (7, 7)
         SOS1   AKT3  MAP2K2  MAPK3   NRAS  PIK3CA   RAF1
SOS1    1.453  0.224   0.158  0.026  0.598   0.202  0.216
AKT3    0.224  0.853   0.063 -0.013  0.236   0.496  0.086
MAP2K2  0.158  0.063   0.604  0.099  0.167   0.056  0.147
MAPK3   0.026 -0.013   0.099  0.074  0.027   0.009  0.024
NRAS    0.598  0.236   0.167  0.027  0.631   0.213  0.228
PIK3CA  0.202  0.496   0.056  0.009  0.213   0.447  0.077
RAF1    0.216  0.086   0.147  0.024  0.228   0.077  0.200
Euclidian difference between them: 1.28734833597
