All variables: ['SOS1', 'AKT3', 'MAP2K2', 'MAPK3', 'NRAS', 'PIK3CA', 'RAF1']
Observable variables: ['AKT3', 'MAP2K2', 'MAPK3', 'NRAS', 'PIK3CA', 'RAF1', 'SOS1']
Structural part: ['SOS1', 'AKT3', 'MAP2K2', 'MAPK3', 'NRAS', 'PIK3CA', 'RAF1']
Measurement part: ['SOS1', 'AKT3', 'MAP2K2', 'MAPK3', 'NRAS', 'PIK3CA', 'RAF1']
Latent varaibles: []
Endogenous variables: ['AKT3', 'MAP2K2', 'MAPK3', 'NRAS', 'PIK3CA', 'RAF1']
Exogenous variables: ['SOS1']
Beta
Shape: (7, 7)
         SOS1  AKT3  MAP2K2  MAPK3   NRAS  PIK3CA   RAF1
SOS1    0.000   0.0   0.000    0.0  0.000   0.000  0.000
AKT3    0.000   0.0   0.000    0.0  0.000   0.656  0.000
MAP2K2  0.000   0.0   0.000    0.0  0.000   0.000  0.536
MAPK3   0.000   0.0   0.239    0.0  0.000   0.000  0.000
NRAS    0.412   0.0   0.000    0.0  0.000   0.000  0.000
PIK3CA  0.000   0.0   0.000    0.0 -0.287   0.000  0.000
RAF1    0.000   0.0   0.000    0.0  0.108   0.000  0.000
Lambda
Shape: (7, 7)
        SOS1  AKT3  MAP2K2  MAPK3  NRAS  PIK3CA  RAF1
SOS1     1.0   0.0     0.0    0.0   0.0     0.0   0.0
AKT3     0.0   1.0     0.0    0.0   0.0     0.0   0.0
MAP2K2   0.0   0.0     1.0    0.0   0.0     0.0   0.0
MAPK3    0.0   0.0     0.0    1.0   0.0     0.0   0.0
NRAS     0.0   0.0     0.0    0.0   1.0     0.0   0.0
PIK3CA   0.0   0.0     0.0    0.0   0.0     1.0   0.0
RAF1     0.0   0.0     0.0    0.0   0.0     0.0   1.0
Psi
Shape: (7, 7)
         SOS1   AKT3  MAP2K2  MAPK3   NRAS  PIK3CA   RAF1
SOS1    1.453  0.000   0.000  0.000  0.000   0.000  0.000
AKT3    0.000  0.304   0.000 -0.023  0.000   0.000  0.000
MAP2K2  0.000  0.000   0.496  0.000  0.000   0.000  0.000
MAPK3   0.000 -0.023   0.000  0.058  0.000   0.000  0.000
NRAS    0.000  0.000   0.000  0.000  0.384   0.000  0.000
PIK3CA  0.000  0.000   0.000  0.000  0.000   0.375  0.000
RAF1    0.000  0.000   0.000  0.000  0.000   0.000  0.118
Theta
Shape: (7, 7)
        SOS1  AKT3  MAP2K2  MAPK3  NRAS  PIK3CA  RAF1
SOS1     0.0   0.0     0.0    0.0   0.0     0.0   0.0
AKT3     0.0   0.0     0.0    0.0   0.0     0.0   0.0
MAP2K2   0.0   0.0     0.0    0.0   0.0     0.0   0.0
MAPK3    0.0   0.0     0.0    0.0   0.0     0.0   0.0
NRAS     0.0   0.0     0.0    0.0   0.0     0.0   0.0
PIK3CA   0.0   0.0     0.0    0.0   0.0     0.0   0.0
RAF1     0.0   0.0     0.0    0.0   0.0     0.0   0.0
Empirical covariance matrix:
Shape: (7, 7)
         SOS1   AKT3  MAP2K2  MAPK3   NRAS  PIK3CA   RAF1
SOS1    1.387 -0.196   0.067  0.030  0.543  -0.236  0.042
AKT3   -0.196  0.541  -0.003 -0.021 -0.165   0.394  0.003
MAP2K2  0.067 -0.003   0.513  0.120  0.069  -0.076  0.060
MAPK3   0.030 -0.021   0.120  0.077  0.023  -0.019  0.015
NRAS    0.543 -0.165   0.069  0.023  0.645  -0.235  0.043
PIK3CA -0.236  0.394  -0.076 -0.019 -0.235   0.540 -0.029
RAF1    0.042  0.003   0.060  0.015  0.043  -0.029  0.111
Model-implied covariance matrix:
Shape: (7, 7)
         SOS1   AKT3  MAP2K2  MAPK3   NRAS  PIK3CA   RAF1
SOS1    1.453 -0.113   0.035  0.008  0.598  -0.172  0.065
AKT3   -0.113  0.487  -0.007 -0.025 -0.119   0.280 -0.013
MAP2K2  0.035 -0.007   0.532  0.127  0.036  -0.010  0.067
MAPK3   0.008 -0.025   0.127  0.088  0.009  -0.003  0.016
NRAS    0.598 -0.119   0.036  0.009  0.631  -0.181  0.068
PIK3CA -0.172  0.280  -0.010 -0.003 -0.181   0.427 -0.020
RAF1    0.065 -0.013   0.067  0.016  0.068  -0.020  0.125
Euclidian difference between them: 0.320504692109
