All variables: ['SOS1', 'AKT3', 'MAP2K2', 'MAPK3', 'NRAS', 'PIK3CA', 'RAF1']
Observable variables: ['AKT3', 'MAP2K2', 'MAPK3', 'NRAS', 'PIK3CA', 'RAF1', 'SOS1']
Structural part: ['SOS1', 'AKT3', 'MAP2K2', 'MAPK3', 'NRAS', 'PIK3CA', 'RAF1']
Measurement part: ['SOS1', 'AKT3', 'MAP2K2', 'MAPK3', 'NRAS', 'PIK3CA', 'RAF1']
Latent varaibles: []
Endogenous variables: ['AKT3', 'MAP2K2', 'MAPK3', 'NRAS', 'PIK3CA', 'RAF1']
Exogenous variables: ['SOS1']
Beta
Shape: (7, 7)
         SOS1  AKT3  MAP2K2  MAPK3   NRAS  PIK3CA   RAF1
SOS1    0.000   0.0   0.000    0.0  0.000   0.000  0.000
AKT3    0.000   0.0   0.000    0.0  0.000   0.716  0.000
MAP2K2  0.000   0.0   0.000    0.0  0.000   0.000  0.497
MAPK3   0.000   0.0   0.206    0.0  0.000   0.000  0.000
NRAS    0.396   0.0   0.000    0.0  0.000   0.000  0.000
PIK3CA  0.000   0.0   0.000    0.0 -0.310   0.000  0.000
RAF1    0.000   0.0   0.000    0.0  0.191   0.000  0.000
Lambda
Shape: (7, 7)
        SOS1  AKT3  MAP2K2  MAPK3  NRAS  PIK3CA  RAF1
SOS1     1.0   0.0     0.0    0.0   0.0     0.0   0.0
AKT3     0.0   1.0     0.0    0.0   0.0     0.0   0.0
MAP2K2   0.0   0.0     1.0    0.0   0.0     0.0   0.0
MAPK3    0.0   0.0     0.0    1.0   0.0     0.0   0.0
NRAS     0.0   0.0     0.0    0.0   1.0     0.0   0.0
PIK3CA   0.0   0.0     0.0    0.0   0.0     1.0   0.0
RAF1     0.0   0.0     0.0    0.0   0.0     0.0   1.0
Psi
Shape: (7, 7)
         SOS1   AKT3  MAP2K2  MAPK3   NRAS  PIK3CA   RAF1
SOS1    1.453  0.000   0.000  0.000  0.000   0.000  0.000
AKT3    0.000  0.304   0.000 -0.023  0.000   0.000  0.000
MAP2K2  0.000  0.000   0.496  0.000  0.000   0.000  0.000
MAPK3   0.000 -0.023   0.000  0.058  0.000   0.000  0.000
NRAS    0.000  0.000   0.000  0.000  0.384   0.000  0.000
PIK3CA  0.000  0.000   0.000  0.000  0.000   0.375  0.000
RAF1    0.000  0.000   0.000  0.000  0.000   0.000  0.118
Theta
Shape: (7, 7)
        SOS1  AKT3  MAP2K2  MAPK3  NRAS  PIK3CA  RAF1
SOS1     0.0   0.0     0.0    0.0   0.0     0.0   0.0
AKT3     0.0   0.0     0.0    0.0   0.0     0.0   0.0
MAP2K2   0.0   0.0     0.0    0.0   0.0     0.0   0.0
MAPK3    0.0   0.0     0.0    0.0   0.0     0.0   0.0
NRAS     0.0   0.0     0.0    0.0   0.0     0.0   0.0
PIK3CA   0.0   0.0     0.0    0.0   0.0     0.0   0.0
RAF1     0.0   0.0     0.0    0.0   0.0     0.0   0.0
Empirical covariance matrix:
Shape: (7, 7)
         SOS1   AKT3  MAP2K2  MAPK3   NRAS  PIK3CA   RAF1
SOS1    0.968 -0.440   0.141 -0.024  0.452  -0.609  0.071
AKT3   -0.440  0.768  -0.053 -0.050 -0.342   0.581 -0.090
MAP2K2  0.141 -0.053   0.275  0.052  0.184  -0.027  0.054
MAPK3  -0.024 -0.050   0.052  0.069 -0.040  -0.029  0.006
NRAS    0.452 -0.342   0.184 -0.040  0.663  -0.216  0.149
PIK3CA -0.609  0.581  -0.027 -0.029 -0.216   0.826 -0.024
RAF1    0.071 -0.090   0.054  0.006  0.149  -0.024  0.097
Model-implied covariance matrix:
Shape: (7, 7)
         SOS1   AKT3  MAP2K2  MAPK3   NRAS  PIK3CA   RAF1
SOS1    1.453 -0.128   0.055  0.011  0.576  -0.179  0.110
AKT3   -0.128  0.526  -0.013 -0.026 -0.136   0.311 -0.026
MAP2K2  0.055 -0.013   0.531  0.109  0.058  -0.018  0.070
MAPK3   0.011 -0.026   0.109  0.080  0.012  -0.004  0.014
NRAS    0.576 -0.136   0.058  0.012  0.612  -0.190  0.117
PIK3CA -0.179  0.311  -0.018 -0.004 -0.190   0.434 -0.036
RAF1    0.110 -0.026   0.070  0.014  0.117  -0.036  0.140
Euclidian difference between them: 1.19426875095
