All variables: ['SOS1', 'AKT3', 'MAP2K2', 'MAPK3', 'NRAS', 'PIK3CA', 'RAF1']
Observable variables: ['AKT3', 'MAP2K2', 'MAPK3', 'NRAS', 'PIK3CA', 'RAF1', 'SOS1']
Structural part: ['SOS1', 'AKT3', 'MAP2K2', 'MAPK3', 'NRAS', 'PIK3CA', 'RAF1']
Measurement part: ['SOS1', 'AKT3', 'MAP2K2', 'MAPK3', 'NRAS', 'PIK3CA', 'RAF1']
Latent varaibles: []
Endogenous variables: ['AKT3', 'MAP2K2', 'MAPK3', 'NRAS', 'PIK3CA', 'RAF1']
Exogenous variables: ['SOS1']
Beta
Shape: (7, 7)
         SOS1  AKT3  MAP2K2  MAPK3   NRAS  PIK3CA  RAF1
SOS1    0.000   0.0   0.000    0.0  0.000   0.000  0.00
AKT3    0.000   0.0   0.000    0.0  0.000   0.718  0.00
MAP2K2  0.000   0.0   0.000    0.0  0.000   0.000  0.68
MAPK3   0.000   0.0   0.175    0.0  0.000   0.000  0.00
NRAS    0.364   0.0   0.000    0.0  0.000   0.000  0.00
PIK3CA  0.000   0.0   0.000    0.0 -0.461   0.000  0.00
RAF1    0.000   0.0   0.000    0.0  0.097   0.000  0.00
Lambda
Shape: (7, 7)
        SOS1  AKT3  MAP2K2  MAPK3  NRAS  PIK3CA  RAF1
SOS1     1.0   0.0     0.0    0.0   0.0     0.0   0.0
AKT3     0.0   1.0     0.0    0.0   0.0     0.0   0.0
MAP2K2   0.0   0.0     1.0    0.0   0.0     0.0   0.0
MAPK3    0.0   0.0     0.0    1.0   0.0     0.0   0.0
NRAS     0.0   0.0     0.0    0.0   1.0     0.0   0.0
PIK3CA   0.0   0.0     0.0    0.0   0.0     1.0   0.0
RAF1     0.0   0.0     0.0    0.0   0.0     0.0   1.0
Psi
Shape: (7, 7)
         SOS1   AKT3  MAP2K2  MAPK3   NRAS  PIK3CA   RAF1
SOS1    1.453  0.000     0.0  0.000  0.000   0.000  0.000
AKT3    0.000  0.325     0.0 -0.026  0.000   0.000  0.000
MAP2K2  0.000  0.000     0.5  0.000  0.000   0.000  0.000
MAPK3   0.000 -0.026     0.0  0.056  0.000   0.000  0.000
NRAS    0.000  0.000     0.0  0.000  0.397   0.000  0.000
PIK3CA  0.000  0.000     0.0  0.000  0.000   0.356  0.000
RAF1    0.000  0.000     0.0  0.000  0.000   0.000  0.126
Theta
Shape: (7, 7)
        SOS1  AKT3  MAP2K2  MAPK3  NRAS  PIK3CA  RAF1
SOS1     0.0   0.0     0.0    0.0   0.0     0.0   0.0
AKT3     0.0   0.0     0.0    0.0   0.0     0.0   0.0
MAP2K2   0.0   0.0     0.0    0.0   0.0     0.0   0.0
MAPK3    0.0   0.0     0.0    0.0   0.0     0.0   0.0
NRAS     0.0   0.0     0.0    0.0   0.0     0.0   0.0
PIK3CA   0.0   0.0     0.0    0.0   0.0     0.0   0.0
RAF1     0.0   0.0     0.0    0.0   0.0     0.0   0.0
Empirical covariance matrix:
Shape: (7, 7)
         SOS1   AKT3  MAP2K2  MAPK3   NRAS  PIK3CA   RAF1
SOS1    1.453  0.078   0.274 -0.092  0.520  -0.272  0.121
AKT3    0.078  0.596   0.062 -0.040 -0.463   0.341 -0.011
MAP2K2  0.274  0.062   0.556  0.064  0.316  -0.161  0.108
MAPK3  -0.092 -0.040   0.064  0.064 -0.009   0.020  0.042
NRAS    0.520 -0.463   0.316 -0.009  1.032  -0.485  0.065
PIK3CA -0.272  0.341  -0.161  0.020 -0.485   0.580 -0.019
RAF1    0.121 -0.011   0.108  0.042  0.065  -0.019  0.149
Model-implied covariance matrix:
Shape: (7, 7)
         SOS1   AKT3  MAP2K2  MAPK3   NRAS  PIK3CA   RAF1
SOS1    1.453 -0.175   0.035  0.006  0.529  -0.244  0.051
AKT3   -0.175  0.573  -0.013 -0.029 -0.195   0.346 -0.019
MAP2K2  0.035 -0.013   0.561  0.098  0.039  -0.018  0.089
MAPK3   0.006 -0.029   0.098  0.073  0.007  -0.003  0.016
NRAS    0.529 -0.195   0.039  0.007  0.590  -0.272  0.057
PIK3CA -0.244  0.346  -0.018 -0.003 -0.272   0.481 -0.026
RAF1    0.051 -0.019   0.089  0.016  0.057  -0.026  0.131
Euclidian difference between them: 0.9613420702
