All variables: ['SOS1', 'AKT3', 'MAP2K2', 'MAPK3', 'NRAS', 'PIK3CA', 'RAF1']
Observable variables: ['AKT3', 'MAP2K2', 'MAPK3', 'NRAS', 'PIK3CA', 'RAF1', 'SOS1']
Structural part: ['SOS1', 'AKT3', 'MAP2K2', 'MAPK3', 'NRAS', 'PIK3CA', 'RAF1']
Measurement part: ['SOS1', 'AKT3', 'MAP2K2', 'MAPK3', 'NRAS', 'PIK3CA', 'RAF1']
Latent varaibles: []
Endogenous variables: ['AKT3', 'MAP2K2', 'MAPK3', 'NRAS', 'PIK3CA', 'RAF1']
Exogenous variables: ['SOS1']
Beta
Shape: (7, 7)
         SOS1  AKT3  MAP2K2  MAPK3   NRAS  PIK3CA   RAF1
SOS1    0.000   0.0   0.000    0.0  0.000   0.000  0.000
AKT3    0.000   0.0   0.000    0.0  0.000   0.477  0.000
MAP2K2  0.000   0.0   0.000    0.0  0.000   0.000  0.869
MAPK3   0.000   0.0   0.085    0.0  0.000   0.000  0.000
NRAS    0.415   0.0   0.000    0.0  0.000   0.000  0.000
PIK3CA  0.000   0.0   0.000    0.0 -0.431   0.000  0.000
RAF1    0.000   0.0   0.000    0.0  0.072   0.000  0.000
Lambda
Shape: (7, 7)
        SOS1  AKT3  MAP2K2  MAPK3  NRAS  PIK3CA  RAF1
SOS1     1.0   0.0     0.0    0.0   0.0     0.0   0.0
AKT3     0.0   1.0     0.0    0.0   0.0     0.0   0.0
MAP2K2   0.0   0.0     1.0    0.0   0.0     0.0   0.0
MAPK3    0.0   0.0     0.0    1.0   0.0     0.0   0.0
NRAS     0.0   0.0     0.0    0.0   1.0     0.0   0.0
PIK3CA   0.0   0.0     0.0    0.0   0.0     1.0   0.0
RAF1     0.0   0.0     0.0    0.0   0.0     0.0   1.0
Psi
Shape: (7, 7)
         SOS1   AKT3  MAP2K2  MAPK3   NRAS  PIK3CA  RAF1
SOS1    1.453  0.000   0.000  0.000  0.000   0.000   0.0
AKT3    0.000  0.304   0.000 -0.006  0.000   0.000   0.0
MAP2K2  0.000  0.000   0.557  0.000  0.000   0.000   0.0
MAPK3   0.000 -0.006   0.000  0.059  0.000   0.000   0.0
NRAS    0.000  0.000   0.000  0.000  0.511   0.000   0.0
PIK3CA  0.000  0.000   0.000  0.000  0.000   0.358   0.0
RAF1    0.000  0.000   0.000  0.000  0.000   0.000   0.1
Theta
Shape: (7, 7)
        SOS1  AKT3  MAP2K2  MAPK3  NRAS  PIK3CA  RAF1
SOS1     0.0   0.0     0.0    0.0   0.0     0.0   0.0
AKT3     0.0   0.0     0.0    0.0   0.0     0.0   0.0
MAP2K2   0.0   0.0     0.0    0.0   0.0     0.0   0.0
MAPK3    0.0   0.0     0.0    0.0   0.0     0.0   0.0
NRAS     0.0   0.0     0.0    0.0   0.0     0.0   0.0
PIK3CA   0.0   0.0     0.0    0.0   0.0     0.0   0.0
RAF1     0.0   0.0     0.0    0.0   0.0     0.0   0.0
Empirical covariance matrix:
Shape: (7, 7)
         SOS1   AKT3  MAP2K2  MAPK3   NRAS  PIK3CA   RAF1
SOS1    1.275 -0.267   0.104 -0.022  0.555  -0.293  0.073
AKT3   -0.267  0.503   0.004  0.003 -0.254   0.291 -0.012
MAP2K2  0.104  0.004   0.539  0.052  0.173  -0.067  0.116
MAPK3  -0.022  0.003   0.052  0.064 -0.013   0.008  0.002
NRAS    0.555 -0.254   0.173 -0.013  0.794  -0.455  0.100
PIK3CA -0.293  0.291  -0.067  0.008 -0.455   0.616 -0.025
RAF1    0.073 -0.012   0.116  0.002  0.100  -0.025  0.117
Model-implied covariance matrix:
Shape: (7, 7)
         SOS1   AKT3  MAP2K2  MAPK3   NRAS  PIK3CA   RAF1
SOS1    1.453 -0.124   0.038  0.003  0.604  -0.260  0.043
AKT3   -0.124  0.417  -0.010 -0.007 -0.157   0.238 -0.011
MAP2K2  0.038 -0.010   0.636  0.054  0.048  -0.021  0.091
MAPK3   0.003 -0.007   0.054  0.063  0.004  -0.002  0.008
NRAS    0.604 -0.157   0.048  0.004  0.762  -0.328  0.055
PIK3CA -0.260  0.238  -0.021 -0.002 -0.328   0.500 -0.024
RAF1    0.043 -0.011   0.091  0.008  0.055  -0.024  0.104
Euclidian difference between them: 0.470779070794
