All variables: ['SOS1', 'AKT3', 'MAP2K2', 'MAPK3', 'NRAS', 'PIK3CA', 'RAF1']
Observable variables: ['AKT3', 'MAP2K2', 'MAPK3', 'NRAS', 'PIK3CA', 'RAF1', 'SOS1']
Structural part: ['SOS1', 'AKT3', 'MAP2K2', 'MAPK3', 'NRAS', 'PIK3CA', 'RAF1']
Measurement part: ['SOS1', 'AKT3', 'MAP2K2', 'MAPK3', 'NRAS', 'PIK3CA', 'RAF1']
Latent varaibles: []
Endogenous variables: ['AKT3', 'MAP2K2', 'MAPK3', 'NRAS', 'PIK3CA', 'RAF1']
Exogenous variables: ['SOS1']
Beta
Shape: (7, 7)
         SOS1  AKT3  MAP2K2  MAPK3   NRAS  PIK3CA   RAF1
SOS1    0.000   0.0   0.000    0.0  0.000   0.000  0.000
AKT3    0.000   0.0   0.000    0.0  0.000   1.009  0.000
MAP2K2  0.000   0.0   0.000    0.0  0.000   0.000  0.783
MAPK3   0.000   0.0   0.222    0.0  0.000   0.000  0.000
NRAS    0.477   0.0   0.000    0.0  0.000   0.000  0.000
PIK3CA  0.000   0.0   0.000    0.0  0.330   0.000  0.000
RAF1    0.000   0.0   0.000    0.0  0.371   0.000  0.000
Lambda
Shape: (7, 7)
        SOS1  AKT3  MAP2K2  MAPK3  NRAS  PIK3CA  RAF1
SOS1     1.0   0.0     0.0    0.0   0.0     0.0   0.0
AKT3     0.0   1.0     0.0    0.0   0.0     0.0   0.0
MAP2K2   0.0   0.0     1.0    0.0   0.0     0.0   0.0
MAPK3    0.0   0.0     0.0    1.0   0.0     0.0   0.0
NRAS     0.0   0.0     0.0    0.0   1.0     0.0   0.0
PIK3CA   0.0   0.0     0.0    0.0   0.0     1.0   0.0
RAF1     0.0   0.0     0.0    0.0   0.0     0.0   1.0
Psi
Shape: (7, 7)
         SOS1   AKT3  MAP2K2  MAPK3   NRAS  PIK3CA   RAF1
SOS1    1.453  0.000     0.0  0.000  0.000   0.000  0.000
AKT3    0.000  0.325     0.0 -0.026  0.000   0.000  0.000
MAP2K2  0.000  0.000     0.5  0.000  0.000   0.000  0.000
MAPK3   0.000 -0.026     0.0  0.056  0.000   0.000  0.000
NRAS    0.000  0.000     0.0  0.000  0.397   0.000  0.000
PIK3CA  0.000  0.000     0.0  0.000  0.000   0.356  0.000
RAF1    0.000  0.000     0.0  0.000  0.000   0.000  0.126
Theta
Shape: (7, 7)
        SOS1  AKT3  MAP2K2  MAPK3  NRAS  PIK3CA  RAF1
SOS1     0.0   0.0     0.0    0.0   0.0     0.0   0.0
AKT3     0.0   0.0     0.0    0.0   0.0     0.0   0.0
MAP2K2   0.0   0.0     0.0    0.0   0.0     0.0   0.0
MAPK3    0.0   0.0     0.0    0.0   0.0     0.0   0.0
NRAS     0.0   0.0     0.0    0.0   0.0     0.0   0.0
PIK3CA   0.0   0.0     0.0    0.0   0.0     0.0   0.0
RAF1     0.0   0.0     0.0    0.0   0.0     0.0   0.0
Empirical covariance matrix:
Shape: (7, 7)
         SOS1   AKT3  MAP2K2  MAPK3   NRAS  PIK3CA   RAF1
SOS1    0.585  0.441  -0.212 -0.029  0.348   0.388  0.120
AKT3    0.441  0.894  -0.182 -0.013  0.342   0.386  0.145
MAP2K2 -0.212 -0.182   0.575  0.101  0.088  -0.175  0.144
MAPK3  -0.029 -0.013   0.101  0.066 -0.012  -0.025  0.040
NRAS    0.348  0.342   0.088 -0.012  0.588   0.252  0.222
PIK3CA  0.388  0.386  -0.175 -0.025  0.252   0.354  0.094
RAF1    0.120  0.145   0.144  0.040  0.222   0.094  0.225
Model-implied covariance matrix:
Shape: (7, 7)
         SOS1   AKT3  MAP2K2  MAPK3   NRAS  PIK3CA   RAF1
SOS1    1.453  0.231   0.201  0.045  0.693   0.229  0.257
AKT3    0.231  0.768   0.070 -0.011  0.242   0.439  0.090
MAP2K2  0.201  0.070   0.638  0.142  0.211   0.070  0.177
MAPK3   0.045 -0.011   0.142  0.088  0.047   0.016  0.039
NRAS    0.693  0.242   0.211  0.047  0.728   0.240  0.270
PIK3CA  0.229  0.439   0.070  0.016  0.240   0.435  0.089
RAF1    0.257  0.090   0.177  0.039  0.270   0.089  0.226
Euclidian difference between them: 1.3773036429
