All variables: ['SOS1', 'AKT3', 'MAP2K2', 'MAPK3', 'NRAS', 'PIK3CA', 'RAF1']
Observable variables: ['AKT3', 'MAP2K2', 'MAPK3', 'NRAS', 'PIK3CA', 'RAF1', 'SOS1']
Structural part: ['SOS1', 'AKT3', 'MAP2K2', 'MAPK3', 'NRAS', 'PIK3CA', 'RAF1']
Measurement part: ['SOS1', 'AKT3', 'MAP2K2', 'MAPK3', 'NRAS', 'PIK3CA', 'RAF1']
Latent varaibles: []
Endogenous variables: ['AKT3', 'MAP2K2', 'MAPK3', 'NRAS', 'PIK3CA', 'RAF1']
Exogenous variables: ['SOS1']
Beta
Shape: (7, 7)
         SOS1  AKT3  MAP2K2  MAPK3   NRAS  PIK3CA   RAF1
SOS1    0.000   0.0   0.000    0.0  0.000   0.000  0.000
AKT3    0.000   0.0   0.000    0.0  0.000   0.854  0.000
MAP2K2  0.000   0.0   0.000    0.0  0.000   0.000  0.722
MAPK3   0.000   0.0   0.211    0.0  0.000   0.000  0.000
NRAS    0.378   0.0   0.000    0.0  0.000   0.000  0.000
PIK3CA  0.000   0.0   0.000    0.0  0.184   0.000  0.000
RAF1    0.000   0.0   0.000    0.0 -0.069   0.000  0.000
Lambda
Shape: (7, 7)
        SOS1  AKT3  MAP2K2  MAPK3  NRAS  PIK3CA  RAF1
SOS1     1.0   0.0     0.0    0.0   0.0     0.0   0.0
AKT3     0.0   1.0     0.0    0.0   0.0     0.0   0.0
MAP2K2   0.0   0.0     1.0    0.0   0.0     0.0   0.0
MAPK3    0.0   0.0     0.0    1.0   0.0     0.0   0.0
NRAS     0.0   0.0     0.0    0.0   1.0     0.0   0.0
PIK3CA   0.0   0.0     0.0    0.0   0.0     1.0   0.0
RAF1     0.0   0.0     0.0    0.0   0.0     0.0   1.0
Psi
Shape: (7, 7)
         SOS1   AKT3  MAP2K2  MAPK3   NRAS  PIK3CA   RAF1
SOS1    1.453  0.000     0.0  0.000  0.000   0.000  0.000
AKT3    0.000  0.325     0.0 -0.026  0.000   0.000  0.000
MAP2K2  0.000  0.000     0.5  0.000  0.000   0.000  0.000
MAPK3   0.000 -0.026     0.0  0.056  0.000   0.000  0.000
NRAS    0.000  0.000     0.0  0.000  0.397   0.000  0.000
PIK3CA  0.000  0.000     0.0  0.000  0.000   0.356  0.000
RAF1    0.000  0.000     0.0  0.000  0.000   0.000  0.126
Theta
Shape: (7, 7)
        SOS1  AKT3  MAP2K2  MAPK3  NRAS  PIK3CA  RAF1
SOS1     0.0   0.0     0.0    0.0   0.0     0.0   0.0
AKT3     0.0   0.0     0.0    0.0   0.0     0.0   0.0
MAP2K2   0.0   0.0     0.0    0.0   0.0     0.0   0.0
MAPK3    0.0   0.0     0.0    0.0   0.0     0.0   0.0
NRAS     0.0   0.0     0.0    0.0   0.0     0.0   0.0
PIK3CA   0.0   0.0     0.0    0.0   0.0     0.0   0.0
RAF1     0.0   0.0     0.0    0.0   0.0     0.0   0.0
Empirical covariance matrix:
Shape: (7, 7)
         SOS1   AKT3  MAP2K2  MAPK3   NRAS  PIK3CA   RAF1
SOS1    0.988  0.136  -0.088 -0.019  0.377   0.093 -0.026
AKT3    0.136  0.643  -0.028 -0.025  0.032   0.288 -0.004
MAP2K2 -0.088 -0.028   0.586  0.143 -0.055   0.002  0.062
MAPK3  -0.019 -0.025   0.143  0.095 -0.018   0.011  0.028
NRAS    0.377  0.032  -0.055 -0.018  0.649   0.054 -0.046
PIK3CA  0.093  0.288   0.002  0.011  0.054   0.342  0.005
RAF1   -0.026 -0.004   0.062  0.028 -0.046   0.005  0.103
Model-implied covariance matrix:
Shape: (7, 7)
         SOS1   AKT3  MAP2K2  MAPK3   NRAS  PIK3CA   RAF1
SOS1    1.453  0.086  -0.027 -0.006  0.549   0.101 -0.038
AKT3    0.086  0.600  -0.005 -0.027  0.095   0.321 -0.007
MAP2K2 -0.027 -0.005   0.567  0.120 -0.030  -0.006  0.093
MAPK3  -0.006 -0.027   0.120  0.082 -0.006  -0.001  0.020
NRAS    0.549  0.095  -0.030 -0.006  0.605   0.112 -0.041
PIK3CA  0.101  0.321  -0.006 -0.001  0.112   0.376 -0.008
RAF1   -0.038 -0.007   0.093  0.020 -0.041  -0.008  0.129
Euclidian difference between them: 0.564169411047
