All variables: ['SOS1', 'AKT3', 'MAP2K2', 'MAPK3', 'NRAS', 'PIK3CA', 'RAF1']
Observable variables: ['AKT3', 'MAP2K2', 'MAPK3', 'NRAS', 'PIK3CA', 'RAF1', 'SOS1']
Structural part: ['SOS1', 'AKT3', 'MAP2K2', 'MAPK3', 'NRAS', 'PIK3CA', 'RAF1']
Measurement part: ['SOS1', 'AKT3', 'MAP2K2', 'MAPK3', 'NRAS', 'PIK3CA', 'RAF1']
Latent varaibles: []
Endogenous variables: ['AKT3', 'MAP2K2', 'MAPK3', 'NRAS', 'PIK3CA', 'RAF1']
Exogenous variables: ['SOS1']
Beta
Shape: (7, 7)
         SOS1  AKT3  MAP2K2  MAPK3   NRAS  PIK3CA   RAF1
SOS1    0.000   0.0   0.000    0.0  0.000   0.000  0.000
AKT3    0.000   0.0   0.000    0.0  0.000   0.622  0.000
MAP2K2  0.000   0.0   0.000    0.0  0.000   0.000  0.743
MAPK3   0.000   0.0   0.191    0.0  0.000   0.000  0.000
NRAS    0.344   0.0   0.000    0.0  0.000   0.000  0.000
PIK3CA  0.000   0.0   0.000    0.0 -0.405   0.000  0.000
RAF1    0.000   0.0   0.000    0.0  0.092   0.000  0.000
Lambda
Shape: (7, 7)
        SOS1  AKT3  MAP2K2  MAPK3  NRAS  PIK3CA  RAF1
SOS1     1.0   0.0     0.0    0.0   0.0     0.0   0.0
AKT3     0.0   1.0     0.0    0.0   0.0     0.0   0.0
MAP2K2   0.0   0.0     1.0    0.0   0.0     0.0   0.0
MAPK3    0.0   0.0     0.0    1.0   0.0     0.0   0.0
NRAS     0.0   0.0     0.0    0.0   1.0     0.0   0.0
PIK3CA   0.0   0.0     0.0    0.0   0.0     1.0   0.0
RAF1     0.0   0.0     0.0    0.0   0.0     0.0   1.0
Psi
Shape: (7, 7)
         SOS1   AKT3  MAP2K2  MAPK3   NRAS  PIK3CA  RAF1
SOS1    1.453  0.000   0.000  0.000  0.000   0.000   0.0
AKT3    0.000  0.304   0.000 -0.006  0.000   0.000   0.0
MAP2K2  0.000  0.000   0.557  0.000  0.000   0.000   0.0
MAPK3   0.000 -0.006   0.000  0.059  0.000   0.000   0.0
NRAS    0.000  0.000   0.000  0.000  0.511   0.000   0.0
PIK3CA  0.000  0.000   0.000  0.000  0.000   0.358   0.0
RAF1    0.000  0.000   0.000  0.000  0.000   0.000   0.1
Theta
Shape: (7, 7)
        SOS1  AKT3  MAP2K2  MAPK3  NRAS  PIK3CA  RAF1
SOS1     0.0   0.0     0.0    0.0   0.0     0.0   0.0
AKT3     0.0   0.0     0.0    0.0   0.0     0.0   0.0
MAP2K2   0.0   0.0     0.0    0.0   0.0     0.0   0.0
MAPK3    0.0   0.0     0.0    0.0   0.0     0.0   0.0
NRAS     0.0   0.0     0.0    0.0   0.0     0.0   0.0
PIK3CA   0.0   0.0     0.0    0.0   0.0     0.0   0.0
RAF1     0.0   0.0     0.0    0.0   0.0     0.0   0.0
Empirical covariance matrix:
Shape: (7, 7)
         SOS1   AKT3  MAP2K2  MAPK3   NRAS  PIK3CA   RAF1
SOS1    1.453  0.078   0.274 -0.092  0.520  -0.272  0.121
AKT3    0.078  0.596   0.062 -0.040 -0.463   0.341 -0.011
MAP2K2  0.274  0.062   0.556  0.064  0.316  -0.161  0.108
MAPK3  -0.092 -0.040   0.064  0.064 -0.009   0.020  0.042
NRAS    0.520 -0.463   0.316 -0.009  1.032  -0.485  0.065
PIK3CA -0.272  0.341  -0.161  0.020 -0.485   0.580 -0.019
RAF1    0.121 -0.011   0.108  0.042  0.065  -0.019  0.149
Model-implied covariance matrix:
Shape: (7, 7)
         SOS1   AKT3  MAP2K2  MAPK3   NRAS  PIK3CA   RAF1
SOS1    1.453 -0.126   0.034  0.007  0.500  -0.202  0.046
AKT3   -0.126  0.486  -0.012 -0.008 -0.172   0.293 -0.016
MAP2K2  0.034 -0.012   0.616  0.118  0.046  -0.019  0.079
MAPK3   0.007 -0.008   0.118  0.081  0.009  -0.004  0.015
NRAS    0.500 -0.172   0.046  0.009  0.683  -0.277  0.063
PIK3CA -0.202  0.293  -0.019 -0.004 -0.277   0.470 -0.025
RAF1    0.046 -0.016   0.079  0.015  0.063  -0.025  0.106
Euclidian difference between them: 0.927664331071
