All variables: ['SOS1', 'AKT3', 'MAP2K2', 'MAPK3', 'NRAS', 'PIK3CA', 'RAF1']
Observable variables: ['AKT3', 'MAP2K2', 'MAPK3', 'NRAS', 'PIK3CA', 'RAF1', 'SOS1']
Structural part: ['SOS1', 'AKT3', 'MAP2K2', 'MAPK3', 'NRAS', 'PIK3CA', 'RAF1']
Measurement part: ['SOS1', 'AKT3', 'MAP2K2', 'MAPK3', 'NRAS', 'PIK3CA', 'RAF1']
Latent varaibles: []
Endogenous variables: ['AKT3', 'MAP2K2', 'MAPK3', 'NRAS', 'PIK3CA', 'RAF1']
Exogenous variables: ['SOS1']
Beta
Shape: (7, 7)
         SOS1  AKT3  MAP2K2  MAPK3  NRAS  PIK3CA   RAF1
SOS1    0.000   0.0   0.000    0.0  0.00   0.000  0.000
AKT3    0.000   0.0   0.000    0.0  0.00   0.398  0.000
MAP2K2  0.000   0.0   0.000    0.0  0.00   0.000  0.989
MAPK3   0.000   0.0   0.063    0.0  0.00   0.000  0.000
NRAS    0.391   0.0   0.000    0.0  0.00   0.000  0.000
PIK3CA  0.000   0.0   0.000    0.0 -0.11   0.000  0.000
RAF1    0.000   0.0   0.000    0.0  0.00   0.000  0.000
Lambda
Shape: (7, 7)
        SOS1  AKT3  MAP2K2  MAPK3  NRAS  PIK3CA  RAF1
SOS1     1.0   0.0     0.0    0.0   0.0     0.0   0.0
AKT3     0.0   1.0     0.0    0.0   0.0     0.0   0.0
MAP2K2   0.0   0.0     1.0    0.0   0.0     0.0   0.0
MAPK3    0.0   0.0     0.0    1.0   0.0     0.0   0.0
NRAS     0.0   0.0     0.0    0.0   1.0     0.0   0.0
PIK3CA   0.0   0.0     0.0    0.0   0.0     1.0   0.0
RAF1     0.0   0.0     0.0    0.0   0.0     0.0   1.0
Psi
Shape: (7, 7)
         SOS1   AKT3  MAP2K2  MAPK3   NRAS  PIK3CA  RAF1
SOS1    1.453  0.000   0.000  0.000  0.000   0.000   0.0
AKT3    0.000  0.304   0.000 -0.006  0.000   0.000   0.0
MAP2K2  0.000  0.000   0.557  0.000  0.000   0.000   0.0
MAPK3   0.000 -0.006   0.000  0.059  0.000   0.000   0.0
NRAS    0.000  0.000   0.000  0.000  0.511   0.000   0.0
PIK3CA  0.000  0.000   0.000  0.000  0.000   0.358   0.0
RAF1    0.000  0.000   0.000  0.000  0.000   0.000   0.1
Theta
Shape: (7, 7)
        SOS1  AKT3  MAP2K2  MAPK3  NRAS  PIK3CA  RAF1
SOS1     0.0   0.0     0.0    0.0   0.0     0.0   0.0
AKT3     0.0   0.0     0.0    0.0   0.0     0.0   0.0
MAP2K2   0.0   0.0     0.0    0.0   0.0     0.0   0.0
MAPK3    0.0   0.0     0.0    0.0   0.0     0.0   0.0
NRAS     0.0   0.0     0.0    0.0   0.0     0.0   0.0
PIK3CA   0.0   0.0     0.0    0.0   0.0     0.0   0.0
RAF1     0.0   0.0     0.0    0.0   0.0     0.0   0.0
Empirical covariance matrix:
Shape: (7, 7)
         SOS1   AKT3  MAP2K2  MAPK3   NRAS  PIK3CA   RAF1
SOS1    1.228 -0.115  -0.061 -0.004  0.473  -0.070  0.044
AKT3   -0.115  0.418   0.011  0.001 -0.091   0.157  0.015
MAP2K2 -0.061  0.011   0.572  0.025  0.093  -0.047  0.082
MAPK3  -0.004  0.001   0.025  0.068  0.006   0.001  0.011
NRAS    0.473 -0.091   0.093  0.006  0.780  -0.134  0.020
PIK3CA -0.070  0.157  -0.047  0.001 -0.134   0.479 -0.010
RAF1    0.044  0.015   0.082  0.011  0.020  -0.010  0.081
Model-implied covariance matrix:
Shape: (7, 7)
         SOS1   AKT3  MAP2K2  MAPK3   NRAS  PIK3CA   RAF1
SOS1    1.453 -0.025   0.000 -0.000  0.568  -0.063 -0.000
AKT3   -0.025  0.362   0.000 -0.006 -0.032   0.146 -0.000
MAP2K2  0.000  0.000   0.655  0.041  0.000  -0.000  0.099
MAPK3  -0.000 -0.006   0.041  0.061  0.000   0.000  0.006
NRAS    0.568 -0.032   0.000  0.000  0.733  -0.081 -0.000
PIK3CA -0.063  0.146  -0.000  0.000 -0.081   0.367  0.000
RAF1   -0.000 -0.000   0.099  0.006 -0.000   0.000  0.100
Euclidian difference between them: 0.398688366868
