All variables: ['CRTC2', 'IRS1', 'PDPK1', 'PTEN', 'PTK2', 'AKT3', 'BAD', 'FOXO3', 'GSK3B', 'PIK3CB', 'TSC2']
Observable variables: ['AKT3', 'BAD', 'FOXO3', 'GSK3B', 'PIK3CB', 'TSC2', 'CRTC2', 'IRS1', 'PDPK1', 'PTEN', 'PTK2']
Structural part: ['CRTC2', 'IRS1', 'PDPK1', 'PTEN', 'PTK2', 'AKT3', 'BAD', 'FOXO3', 'GSK3B', 'PIK3CB', 'TSC2']
Measurement part: ['CRTC2', 'IRS1', 'PDPK1', 'PTEN', 'PTK2', 'AKT3', 'BAD', 'FOXO3', 'GSK3B', 'PIK3CB', 'TSC2']
Latent varaibles: []
Endogenous variables: ['AKT3', 'BAD', 'FOXO3', 'GSK3B', 'PIK3CB', 'TSC2']
Exogenous variables: ['CRTC2', 'IRS1', 'PDPK1', 'PTEN', 'PTK2']
Beta
Shape: (11, 11)
        CRTC2   IRS1  PDPK1   PTEN   PTK2   AKT3  BAD  FOXO3  GSK3B  PIK3CB  TSC2
CRTC2   0.000  0.000  0.000  0.000  0.000  0.000  0.0    0.0    0.0   0.000   0.0
IRS1    0.000  0.000  0.000  0.000  0.000  0.000  0.0    0.0    0.0   0.000   0.0
PDPK1   0.000  0.000  0.000  0.000  0.000  0.000  0.0    0.0    0.0   0.000   0.0
PTEN    0.000  0.000  0.000  0.000  0.000  0.000  0.0    0.0    0.0   0.000   0.0
PTK2    0.000  0.000  0.000  0.000  0.000  0.000  0.0    0.0    0.0   0.000   0.0
AKT3    0.031  0.000  0.371  0.323  0.000  0.000  0.0    0.0    0.0   0.252   0.0
BAD     0.000  0.000  0.000  0.000  0.000 -1.713  0.0    0.0    0.0   0.000   0.0
FOXO3   0.000  0.000  0.000  0.000  0.000  0.541  0.0    0.0    0.0   0.000   0.0
GSK3B   0.000  0.000  0.000  0.000  0.000  0.503  0.0    0.0    0.0   0.000   0.0
PIK3CB  0.000  0.114 -0.362  0.000  1.134  0.000  0.0    0.0    0.0   0.000   0.0
TSC2    0.000  0.000  0.000  0.000  0.000 -0.481  0.0    0.0    0.0   0.000   0.0
Lambda
Shape: (11, 11)
        CRTC2  IRS1  PDPK1  PTEN  PTK2  AKT3  BAD  FOXO3  GSK3B  PIK3CB  TSC2
CRTC2     1.0   0.0    0.0   0.0   0.0   0.0  0.0    0.0    0.0     0.0   0.0
IRS1      0.0   1.0    0.0   0.0   0.0   0.0  0.0    0.0    0.0     0.0   0.0
PDPK1     0.0   0.0    1.0   0.0   0.0   0.0  0.0    0.0    0.0     0.0   0.0
PTEN      0.0   0.0    0.0   1.0   0.0   0.0  0.0    0.0    0.0     0.0   0.0
PTK2      0.0   0.0    0.0   0.0   1.0   0.0  0.0    0.0    0.0     0.0   0.0
AKT3      0.0   0.0    0.0   0.0   0.0   1.0  0.0    0.0    0.0     0.0   0.0
BAD       0.0   0.0    0.0   0.0   0.0   0.0  1.0    0.0    0.0     0.0   0.0
FOXO3     0.0   0.0    0.0   0.0   0.0   0.0  0.0    1.0    0.0     0.0   0.0
GSK3B     0.0   0.0    0.0   0.0   0.0   0.0  0.0    0.0    1.0     0.0   0.0
PIK3CB    0.0   0.0    0.0   0.0   0.0   0.0  0.0    0.0    0.0     1.0   0.0
TSC2      0.0   0.0    0.0   0.0   0.0   0.0  0.0    0.0    0.0     0.0   1.0
Psi
Shape: (11, 11)
        CRTC2   IRS1  PDPK1   PTEN   PTK2   AKT3    BAD  FOXO3  GSK3B  PIK3CB   TSC2
CRTC2   0.173  0.055  0.039 -0.071 -0.012  0.000  0.000  0.000  0.000    0.00  0.000
IRS1    0.055  0.125  0.005 -0.020 -0.028  0.000  0.000  0.000  0.000    0.00  0.000
PDPK1   0.039  0.005  0.037 -0.029  0.002  0.000  0.000  0.000  0.000    0.00  0.000
PTEN   -0.071 -0.020 -0.029  0.086  0.012  0.000  0.000  0.000  0.000    0.00  0.000
PTK2   -0.012 -0.028  0.002  0.012  0.030  0.000  0.000  0.000  0.000    0.00  0.000
AKT3    0.000  0.000  0.000  0.000  0.000  0.065  0.000  0.000  0.000    0.00  0.000
BAD     0.000  0.000  0.000  0.000  0.000  0.000  0.691  0.005  0.000    0.00  0.377
FOXO3   0.000  0.000  0.000  0.000  0.000  0.000  0.005  0.079  0.027    0.00  0.074
GSK3B   0.000  0.000  0.000  0.000  0.000  0.000  0.000  0.027  0.045    0.00  0.037
PIK3CB  0.000  0.000  0.000  0.000  0.000  0.000  0.000  0.000  0.000    0.09  0.000
TSC2    0.000  0.000  0.000  0.000  0.000  0.000  0.377  0.074  0.037    0.00  0.387
Theta
Shape: (11, 11)
        CRTC2  IRS1  PDPK1  PTEN  PTK2  AKT3  BAD  FOXO3  GSK3B  PIK3CB  TSC2
CRTC2     0.0   0.0    0.0   0.0   0.0   0.0  0.0    0.0    0.0     0.0   0.0
IRS1      0.0   0.0    0.0   0.0   0.0   0.0  0.0    0.0    0.0     0.0   0.0
PDPK1     0.0   0.0    0.0   0.0   0.0   0.0  0.0    0.0    0.0     0.0   0.0
PTEN      0.0   0.0    0.0   0.0   0.0   0.0  0.0    0.0    0.0     0.0   0.0
PTK2      0.0   0.0    0.0   0.0   0.0   0.0  0.0    0.0    0.0     0.0   0.0
AKT3      0.0   0.0    0.0   0.0   0.0   0.0  0.0    0.0    0.0     0.0   0.0
BAD       0.0   0.0    0.0   0.0   0.0   0.0  0.0    0.0    0.0     0.0   0.0
FOXO3     0.0   0.0    0.0   0.0   0.0   0.0  0.0    0.0    0.0     0.0   0.0
GSK3B     0.0   0.0    0.0   0.0   0.0   0.0  0.0    0.0    0.0     0.0   0.0
PIK3CB    0.0   0.0    0.0   0.0   0.0   0.0  0.0    0.0    0.0     0.0   0.0
TSC2      0.0   0.0    0.0   0.0   0.0   0.0  0.0    0.0    0.0     0.0   0.0
Empirical covariance matrix:
Shape: (11, 11)
        CRTC2   IRS1  PDPK1   PTEN   PTK2   AKT3    BAD  FOXO3  GSK3B  PIK3CB   TSC2
CRTC2   0.173  0.055  0.039 -0.071 -0.012 -0.014  0.192  0.001 -0.018  -0.045  0.164
IRS1    0.055  0.125  0.005 -0.020 -0.028 -0.022  0.082  0.010 -0.011  -0.019  0.072
PDPK1   0.039  0.005  0.037 -0.029  0.002  0.003  0.057 -0.004 -0.005  -0.011  0.039
PTEN   -0.071 -0.020 -0.029  0.086  0.012  0.022 -0.111  0.017  0.025   0.028 -0.078
PTK2   -0.012 -0.028  0.002  0.012  0.030  0.023 -0.056  0.017  0.016   0.030 -0.009
AKT3   -0.014 -0.022  0.003  0.022  0.023  0.058 -0.099  0.031  0.029   0.028 -0.027
BAD     0.192  0.082  0.057 -0.111 -0.056 -0.099  0.656 -0.091 -0.121  -0.164  0.258
FOXO3   0.001  0.010 -0.004  0.017  0.017  0.031 -0.091  0.071  0.034   0.036  0.015
GSK3B  -0.018 -0.011 -0.005  0.025  0.016  0.029 -0.121  0.034  0.046   0.039 -0.027
PIK3CB -0.045 -0.019 -0.011  0.028  0.030  0.028 -0.164  0.036  0.039   0.098 -0.049
TSC2    0.164  0.072  0.039 -0.078 -0.009 -0.027  0.258  0.015 -0.027  -0.049  0.224
Model-implied covariance matrix:
Shape: (11, 11)
        CRTC2   IRS1  PDPK1   PTEN   PTK2   AKT3    BAD  FOXO3  GSK3B  PIK3CB   TSC2
CRTC2   0.173  0.055  0.039 -0.071 -0.012 -0.009  0.015 -0.005 -0.004  -0.022  0.004
IRS1    0.055  0.125  0.005 -0.020 -0.028 -0.008  0.013 -0.004 -0.004  -0.019  0.004
PDPK1   0.039  0.005  0.037 -0.029  0.002  0.003 -0.004  0.001  0.001  -0.011 -0.001
PTEN   -0.071 -0.020 -0.029  0.086  0.012  0.020 -0.034  0.011  0.010   0.021 -0.010
PTK2   -0.012 -0.028  0.002  0.012  0.030  0.012 -0.020  0.006  0.006   0.030 -0.006
AKT3   -0.009 -0.008  0.003  0.020  0.012  0.080 -0.138  0.044  0.040   0.034 -0.039
BAD     0.015  0.013 -0.004 -0.034 -0.020 -0.138  0.927 -0.069 -0.069  -0.058  0.444
FOXO3  -0.005 -0.004  0.001  0.011  0.006  0.044 -0.069  0.103  0.049   0.018  0.053
GSK3B  -0.004 -0.004  0.001  0.010  0.006  0.040 -0.069  0.049  0.066   0.017  0.017
PIK3CB -0.022 -0.019 -0.011  0.021  0.030  0.034 -0.058  0.018  0.017   0.126 -0.016
TSC2    0.004  0.004 -0.001 -0.010 -0.006 -0.039  0.444  0.053  0.017  -0.016  0.405
Euclidian difference between them: 0.626945240235
