All variables: ['CRTC2', 'IRS1', 'PDPK1', 'PTEN', 'PTK2', 'AKT3', 'BAD', 'FOXO3', 'GSK3B', 'PIK3CB', 'TSC2']
Observable variables: ['AKT3', 'BAD', 'FOXO3', 'GSK3B', 'PIK3CB', 'TSC2', 'CRTC2', 'IRS1', 'PDPK1', 'PTEN', 'PTK2']
Structural part: ['CRTC2', 'IRS1', 'PDPK1', 'PTEN', 'PTK2', 'AKT3', 'BAD', 'FOXO3', 'GSK3B', 'PIK3CB', 'TSC2']
Measurement part: ['CRTC2', 'IRS1', 'PDPK1', 'PTEN', 'PTK2', 'AKT3', 'BAD', 'FOXO3', 'GSK3B', 'PIK3CB', 'TSC2']
Latent varaibles: []
Endogenous variables: ['AKT3', 'BAD', 'FOXO3', 'GSK3B', 'PIK3CB', 'TSC2']
Exogenous variables: ['CRTC2', 'IRS1', 'PDPK1', 'PTEN', 'PTK2']
Beta
Shape: (11, 11)
        CRTC2   IRS1  PDPK1   PTEN   PTK2   AKT3  BAD  FOXO3  GSK3B  PIK3CB  TSC2
CRTC2   0.000  0.000  0.000  0.000  0.000  0.000  0.0    0.0    0.0   0.000   0.0
IRS1    0.000  0.000  0.000  0.000  0.000  0.000  0.0    0.0    0.0   0.000   0.0
PDPK1   0.000  0.000  0.000  0.000  0.000  0.000  0.0    0.0    0.0   0.000   0.0
PTEN    0.000  0.000  0.000  0.000  0.000  0.000  0.0    0.0    0.0   0.000   0.0
PTK2    0.000  0.000  0.000  0.000  0.000  0.000  0.0    0.0    0.0   0.000   0.0
AKT3   -0.163  0.000  0.068  0.068  0.000  0.000  0.0    0.0    0.0   0.226   0.0
BAD     0.000  0.000  0.000  0.000  0.000 -5.341  0.0    0.0    0.0   0.000   0.0
FOXO3   0.000  0.000  0.000  0.000  0.000  0.885  0.0    0.0    0.0   0.000   0.0
GSK3B   0.000  0.000  0.000  0.000  0.000  1.235  0.0    0.0    0.0   0.000   0.0
PIK3CB  0.000  0.027 -0.594  0.000  1.002  0.000  0.0    0.0    0.0   0.000   0.0
TSC2    0.000  0.000  0.000  0.000  0.000 -3.048  0.0    0.0    0.0   0.000   0.0
Lambda
Shape: (11, 11)
        CRTC2  IRS1  PDPK1  PTEN  PTK2  AKT3  BAD  FOXO3  GSK3B  PIK3CB  TSC2
CRTC2     1.0   0.0    0.0   0.0   0.0   0.0  0.0    0.0    0.0     0.0   0.0
IRS1      0.0   1.0    0.0   0.0   0.0   0.0  0.0    0.0    0.0     0.0   0.0
PDPK1     0.0   0.0    1.0   0.0   0.0   0.0  0.0    0.0    0.0     0.0   0.0
PTEN      0.0   0.0    0.0   1.0   0.0   0.0  0.0    0.0    0.0     0.0   0.0
PTK2      0.0   0.0    0.0   0.0   1.0   0.0  0.0    0.0    0.0     0.0   0.0
AKT3      0.0   0.0    0.0   0.0   0.0   1.0  0.0    0.0    0.0     0.0   0.0
BAD       0.0   0.0    0.0   0.0   0.0   0.0  1.0    0.0    0.0     0.0   0.0
FOXO3     0.0   0.0    0.0   0.0   0.0   0.0  0.0    1.0    0.0     0.0   0.0
GSK3B     0.0   0.0    0.0   0.0   0.0   0.0  0.0    0.0    1.0     0.0   0.0
PIK3CB    0.0   0.0    0.0   0.0   0.0   0.0  0.0    0.0    0.0     1.0   0.0
TSC2      0.0   0.0    0.0   0.0   0.0   0.0  0.0    0.0    0.0     0.0   1.0
Psi
Shape: (11, 11)
        CRTC2   IRS1  PDPK1   PTEN   PTK2   AKT3    BAD  FOXO3  GSK3B  PIK3CB   TSC2
CRTC2   0.173  0.055  0.039 -0.071 -0.012  0.000  0.000  0.000  0.000   0.000  0.000
IRS1    0.055  0.125  0.005 -0.020 -0.028  0.000  0.000  0.000  0.000   0.000  0.000
PDPK1   0.039  0.005  0.037 -0.029  0.002  0.000  0.000  0.000  0.000   0.000  0.000
PTEN   -0.071 -0.020 -0.029  0.086  0.012  0.000  0.000  0.000  0.000   0.000  0.000
PTK2   -0.012 -0.028  0.002  0.012  0.030  0.000  0.000  0.000  0.000   0.000  0.000
AKT3    0.000  0.000  0.000  0.000  0.000  0.003  0.000  0.000  0.000   0.000  0.000
BAD     0.000  0.000  0.000  0.000  0.000  0.000  0.186  0.000  0.000   0.000  0.000
FOXO3   0.000  0.000  0.000  0.000  0.000  0.000  0.000  0.058  0.016   0.000  0.059
GSK3B   0.000  0.000  0.000  0.000  0.000  0.000  0.000  0.016  0.021   0.000  0.035
PIK3CB  0.000  0.000  0.000  0.000  0.000  0.000  0.000  0.000  0.000   0.056  0.000
TSC2    0.000  0.000  0.000  0.000  0.000  0.000  0.000  0.059  0.035   0.000  0.071
Theta
Shape: (11, 11)
        CRTC2  IRS1  PDPK1  PTEN  PTK2  AKT3  BAD  FOXO3  GSK3B  PIK3CB  TSC2
CRTC2     0.0   0.0    0.0   0.0   0.0   0.0  0.0    0.0    0.0     0.0   0.0
IRS1      0.0   0.0    0.0   0.0   0.0   0.0  0.0    0.0    0.0     0.0   0.0
PDPK1     0.0   0.0    0.0   0.0   0.0   0.0  0.0    0.0    0.0     0.0   0.0
PTEN      0.0   0.0    0.0   0.0   0.0   0.0  0.0    0.0    0.0     0.0   0.0
PTK2      0.0   0.0    0.0   0.0   0.0   0.0  0.0    0.0    0.0     0.0   0.0
AKT3      0.0   0.0    0.0   0.0   0.0   0.0  0.0    0.0    0.0     0.0   0.0
BAD       0.0   0.0    0.0   0.0   0.0   0.0  0.0    0.0    0.0     0.0   0.0
FOXO3     0.0   0.0    0.0   0.0   0.0   0.0  0.0    0.0    0.0     0.0   0.0
GSK3B     0.0   0.0    0.0   0.0   0.0   0.0  0.0    0.0    0.0     0.0   0.0
PIK3CB    0.0   0.0    0.0   0.0   0.0   0.0  0.0    0.0    0.0     0.0   0.0
TSC2      0.0   0.0    0.0   0.0   0.0   0.0  0.0    0.0    0.0     0.0   0.0
Empirical covariance matrix:
Shape: (11, 11)
        CRTC2   IRS1  PDPK1   PTEN   PTK2   AKT3    BAD  FOXO3  GSK3B  PIK3CB   TSC2
CRTC2   0.173  0.055  0.039 -0.071 -0.012 -0.014  0.192  0.001 -0.018  -0.045  0.164
IRS1    0.055  0.125  0.005 -0.020 -0.028 -0.022  0.082  0.010 -0.011  -0.019  0.072
PDPK1   0.039  0.005  0.037 -0.029  0.002  0.003  0.057 -0.004 -0.005  -0.011  0.039
PTEN   -0.071 -0.020 -0.029  0.086  0.012  0.022 -0.111  0.017  0.025   0.028 -0.078
PTK2   -0.012 -0.028  0.002  0.012  0.030  0.023 -0.056  0.017  0.016   0.030 -0.009
AKT3   -0.014 -0.022  0.003  0.022  0.023  0.058 -0.099  0.031  0.029   0.028 -0.027
BAD     0.192  0.082  0.057 -0.111 -0.056 -0.099  0.656 -0.091 -0.121  -0.164  0.258
FOXO3   0.001  0.010 -0.004  0.017  0.017  0.031 -0.091  0.071  0.034   0.036  0.015
GSK3B  -0.018 -0.011 -0.005  0.025  0.016  0.029 -0.121  0.034  0.046   0.039 -0.027
PIK3CB -0.045 -0.019 -0.011  0.028  0.030  0.028 -0.164  0.036  0.039   0.098 -0.049
TSC2    0.164  0.072  0.039 -0.078 -0.009 -0.027  0.258  0.015 -0.027  -0.049  0.224
Model-implied covariance matrix:
Shape: (11, 11)
        CRTC2   IRS1  PDPK1   PTEN   PTK2   AKT3    BAD  FOXO3  GSK3B  PIK3CB   TSC2
CRTC2   0.173  0.055  0.039 -0.071 -0.012 -0.038  0.203 -0.034 -0.047  -0.034  0.116
IRS1    0.055  0.125  0.005 -0.020 -0.028 -0.016  0.086 -0.014 -0.020  -0.027  0.049
PDPK1   0.039  0.005  0.037 -0.029  0.002 -0.010  0.055 -0.009 -0.013  -0.020  0.032
PTEN   -0.071 -0.020 -0.029  0.086  0.012  0.022 -0.117  0.019  0.027   0.029 -0.067
PTK2   -0.012 -0.028  0.002  0.012  0.030  0.009 -0.050  0.008  0.011   0.028 -0.028
AKT3   -0.038 -0.016 -0.010  0.022  0.009  0.016 -0.088  0.015  0.020   0.028 -0.050
BAD     0.203  0.086  0.055 -0.117 -0.050 -0.088  0.656 -0.078 -0.109  -0.148  0.268
FOXO3  -0.034 -0.014 -0.009  0.019  0.008  0.015 -0.078  0.071  0.034   0.025  0.015
GSK3B  -0.047 -0.020 -0.013  0.027  0.011  0.020 -0.109  0.034  0.046   0.034 -0.027
PIK3CB -0.034 -0.027 -0.020  0.029  0.028  0.028 -0.148  0.025  0.034   0.095 -0.085
TSC2    0.116  0.049  0.032 -0.067 -0.028 -0.050  0.268  0.015 -0.027  -0.085  0.224
Euclidian difference between them: 0.153546464756
