All variables: ['CRTC2', 'IRS1', 'PDPK1', 'PTEN', 'PTK2', 'AKT3', 'BAD', 'FOXO3', 'GSK3B', 'PIK3CB', 'TSC2']
Observable variables: ['AKT3', 'BAD', 'FOXO3', 'GSK3B', 'PIK3CB', 'TSC2', 'CRTC2', 'IRS1', 'PDPK1', 'PTEN', 'PTK2']
Structural part: ['CRTC2', 'IRS1', 'PDPK1', 'PTEN', 'PTK2', 'AKT3', 'BAD', 'FOXO3', 'GSK3B', 'PIK3CB', 'TSC2']
Measurement part: ['CRTC2', 'IRS1', 'PDPK1', 'PTEN', 'PTK2', 'AKT3', 'BAD', 'FOXO3', 'GSK3B', 'PIK3CB', 'TSC2']
Latent varaibles: []
Endogenous variables: ['AKT3', 'BAD', 'FOXO3', 'GSK3B', 'PIK3CB', 'TSC2']
Exogenous variables: ['CRTC2', 'IRS1', 'PDPK1', 'PTEN', 'PTK2']
Skewness  [ 0.04911735  0.04706506  0.0436034   0.04486097  0.04449317  0.04445135
  0.04858479  0.0479653   0.04855924  0.04959204  0.04915591]
Beta
Shape: (11, 11)
        CRTC2   IRS1  PDPK1   PTEN   PTK2   AKT3  BAD  FOXO3  GSK3B  PIK3CB  TSC2
CRTC2   0.000  0.000  0.000  0.000  0.000  0.000  0.0    0.0    0.0   0.000   0.0
IRS1    0.000  0.000  0.000  0.000  0.000  0.000  0.0    0.0    0.0   0.000   0.0
PDPK1   0.000  0.000  0.000  0.000  0.000  0.000  0.0    0.0    0.0   0.000   0.0
PTEN    0.000  0.000  0.000  0.000  0.000  0.000  0.0    0.0    0.0   0.000   0.0
PTK2    0.000  0.000  0.000  0.000  0.000  0.000  0.0    0.0    0.0   0.000   0.0
AKT3    0.032  0.000  0.370  0.322  0.000  0.000  0.0    0.0    0.0   0.252   0.0
BAD     0.000  0.000  0.000  0.000  0.000 -1.701  0.0    0.0    0.0   0.000   0.0
FOXO3   0.000  0.000  0.000  0.000  0.000  0.537  0.0    0.0    0.0   0.000   0.0
GSK3B   0.000  0.000  0.000  0.000  0.000  0.505  0.0    0.0    0.0   0.000   0.0
PIK3CB  0.000  0.114 -0.363  0.000  1.135  0.000  0.0    0.0    0.0   0.000   0.0
TSC2    0.000  0.000  0.000  0.000  0.000 -0.469  0.0    0.0    0.0   0.000   0.0
Lambda
Shape: (11, 11)
        CRTC2  IRS1  PDPK1  PTEN  PTK2  AKT3  BAD  FOXO3  GSK3B  PIK3CB  TSC2
CRTC2     1.0   0.0    0.0   0.0   0.0   0.0  0.0    0.0    0.0     0.0   0.0
IRS1      0.0   1.0    0.0   0.0   0.0   0.0  0.0    0.0    0.0     0.0   0.0
PDPK1     0.0   0.0    1.0   0.0   0.0   0.0  0.0    0.0    0.0     0.0   0.0
PTEN      0.0   0.0    0.0   1.0   0.0   0.0  0.0    0.0    0.0     0.0   0.0
PTK2      0.0   0.0    0.0   0.0   1.0   0.0  0.0    0.0    0.0     0.0   0.0
AKT3      0.0   0.0    0.0   0.0   0.0   1.0  0.0    0.0    0.0     0.0   0.0
BAD       0.0   0.0    0.0   0.0   0.0   0.0  1.0    0.0    0.0     0.0   0.0
FOXO3     0.0   0.0    0.0   0.0   0.0   0.0  0.0    1.0    0.0     0.0   0.0
GSK3B     0.0   0.0    0.0   0.0   0.0   0.0  0.0    0.0    1.0     0.0   0.0
PIK3CB    0.0   0.0    0.0   0.0   0.0   0.0  0.0    0.0    0.0     1.0   0.0
TSC2      0.0   0.0    0.0   0.0   0.0   0.0  0.0    0.0    0.0     0.0   1.0
Psi
Shape: (11, 11)
        CRTC2   IRS1  PDPK1   PTEN   PTK2   AKT3    BAD  FOXO3  GSK3B  PIK3CB   TSC2
CRTC2   0.173  0.055  0.039 -0.071 -0.012  0.000  0.000  0.000  0.000   0.000  0.000
IRS1    0.055  0.125  0.005 -0.020 -0.028  0.000  0.000  0.000  0.000   0.000  0.000
PDPK1   0.039  0.005  0.037 -0.029  0.002  0.000  0.000  0.000  0.000   0.000  0.000
PTEN   -0.071 -0.020 -0.029  0.086  0.012  0.000  0.000  0.000  0.000   0.000  0.000
PTK2   -0.012 -0.028  0.002  0.012  0.030  0.000  0.000  0.000  0.000   0.000  0.000
AKT3    0.000  0.000  0.000  0.000  0.000  0.044  0.000  0.000  0.000   0.000  0.000
BAD     0.000  0.000  0.000  0.000  0.000  0.000  0.488  0.006  0.000   0.000  0.271
FOXO3   0.000  0.000  0.000  0.000  0.000  0.000  0.006  0.056  0.019   0.000  0.054
GSK3B   0.000  0.000  0.000  0.000  0.000  0.000  0.000  0.019  0.031   0.000  0.026
PIK3CB  0.000  0.000  0.000  0.000  0.000  0.000  0.000  0.000  0.000   0.062  0.000
TSC2    0.000  0.000  0.000  0.000  0.000  0.000  0.271  0.054  0.026   0.000  0.277
Theta
Shape: (11, 11)
        CRTC2  IRS1  PDPK1  PTEN  PTK2  AKT3  BAD  FOXO3  GSK3B  PIK3CB  TSC2
CRTC2     0.0   0.0    0.0   0.0   0.0   0.0  0.0    0.0    0.0     0.0   0.0
IRS1      0.0   0.0    0.0   0.0   0.0   0.0  0.0    0.0    0.0     0.0   0.0
PDPK1     0.0   0.0    0.0   0.0   0.0   0.0  0.0    0.0    0.0     0.0   0.0
PTEN      0.0   0.0    0.0   0.0   0.0   0.0  0.0    0.0    0.0     0.0   0.0
PTK2      0.0   0.0    0.0   0.0   0.0   0.0  0.0    0.0    0.0     0.0   0.0
AKT3      0.0   0.0    0.0   0.0   0.0   0.0  0.0    0.0    0.0     0.0   0.0
BAD       0.0   0.0    0.0   0.0   0.0   0.0  0.0    0.0    0.0     0.0   0.0
FOXO3     0.0   0.0    0.0   0.0   0.0   0.0  0.0    0.0    0.0     0.0   0.0
GSK3B     0.0   0.0    0.0   0.0   0.0   0.0  0.0    0.0    0.0     0.0   0.0
PIK3CB    0.0   0.0    0.0   0.0   0.0   0.0  0.0    0.0    0.0     0.0   0.0
TSC2      0.0   0.0    0.0   0.0   0.0   0.0  0.0    0.0    0.0     0.0   0.0
Empirical covariance matrix:
Shape: (11, 11)
        CRTC2   IRS1  PDPK1   PTEN   PTK2   AKT3    BAD  FOXO3  GSK3B  PIK3CB   TSC2
CRTC2   0.173  0.055  0.039 -0.071 -0.012 -0.014  0.192  0.001 -0.018  -0.045  0.164
IRS1    0.055  0.125  0.005 -0.020 -0.028 -0.022  0.082  0.010 -0.011  -0.019  0.072
PDPK1   0.039  0.005  0.037 -0.029  0.002  0.003  0.057 -0.004 -0.005  -0.011  0.039
PTEN   -0.071 -0.020 -0.029  0.086  0.012  0.022 -0.111  0.017  0.025   0.028 -0.078
PTK2   -0.012 -0.028  0.002  0.012  0.030  0.023 -0.056  0.017  0.016   0.030 -0.009
AKT3   -0.014 -0.022  0.003  0.022  0.023  0.058 -0.099  0.031  0.029   0.028 -0.027
BAD     0.192  0.082  0.057 -0.111 -0.056 -0.099  0.656 -0.091 -0.121  -0.164  0.258
FOXO3   0.001  0.010 -0.004  0.017  0.017  0.031 -0.091  0.071  0.034   0.036  0.015
GSK3B  -0.018 -0.011 -0.005  0.025  0.016  0.029 -0.121  0.034  0.046   0.039 -0.027
PIK3CB -0.045 -0.019 -0.011  0.028  0.030  0.028 -0.164  0.036  0.039   0.098 -0.049
TSC2    0.164  0.072  0.039 -0.078 -0.009 -0.027  0.258  0.015 -0.027  -0.049  0.224
Model-implied covariance matrix:
Shape: (11, 11)
        CRTC2   IRS1  PDPK1   PTEN   PTK2   AKT3    BAD  FOXO3  GSK3B  PIK3CB   TSC2
CRTC2   0.173  0.055  0.039 -0.071 -0.012 -0.008  0.014 -0.005 -0.004  -0.022  0.004
IRS1    0.055  0.125  0.005 -0.020 -0.028 -0.008  0.013 -0.004 -0.004  -0.019  0.004
PDPK1   0.039  0.005  0.037 -0.029  0.002  0.003 -0.004  0.001  0.001  -0.011 -0.001
PTEN   -0.071 -0.020 -0.029  0.086  0.012  0.020 -0.034  0.011  0.010   0.022 -0.009
PTK2   -0.012 -0.028  0.002  0.012  0.030  0.011 -0.020  0.006  0.006   0.030 -0.005
AKT3   -0.008 -0.008  0.003  0.020  0.011  0.057 -0.098  0.031  0.029   0.027 -0.027
BAD     0.014  0.013 -0.004 -0.034 -0.020 -0.098  0.654 -0.046 -0.049  -0.046  0.317
FOXO3  -0.005 -0.004  0.001  0.011  0.006  0.031 -0.046  0.072  0.035   0.014  0.040
GSK3B  -0.004 -0.004  0.001  0.010  0.006  0.029 -0.049  0.035  0.046   0.014  0.013
PIK3CB -0.022 -0.019 -0.011  0.022  0.030  0.027 -0.046  0.014  0.014   0.098 -0.013
TSC2    0.004  0.004 -0.001 -0.009 -0.005 -0.027  0.317  0.040  0.013  -0.013  0.290
Euclidian difference between them: 0.484701748562
