All variables: ['HSP90B1', 'KRAS', 'YWHAE', 'AKT1', 'FOXO3', 'PIK3CD', 'RHEB', 'TSC1', 'TSC2']
Observable variables: ['AKT1', 'FOXO3', 'PIK3CD', 'RHEB', 'TSC1', 'TSC2', 'HSP90B1', 'KRAS', 'YWHAE']
Structural part: ['HSP90B1', 'KRAS', 'YWHAE', 'AKT1', 'FOXO3', 'PIK3CD', 'RHEB', 'TSC1', 'TSC2']
Measurement part: ['HSP90B1', 'KRAS', 'YWHAE', 'AKT1', 'FOXO3', 'PIK3CD', 'RHEB', 'TSC1', 'TSC2']
Latent varaibles: []
Endogenous variables: ['AKT1', 'FOXO3', 'PIK3CD', 'RHEB', 'TSC1', 'TSC2']
Exogenous variables: ['HSP90B1', 'KRAS', 'YWHAE']
Beta
Shape: (9, 9)
         HSP90B1   KRAS  YWHAE   AKT1  FOXO3  PIK3CD  RHEB   TSC1   TSC2
HSP90B1    0.000  0.000  0.000  0.000    0.0   0.000   0.0  0.000  0.000
KRAS       0.000  0.000  0.000  0.000    0.0   0.000   0.0  0.000  0.000
YWHAE      0.000  0.000  0.000  0.000    0.0   0.000   0.0  0.000  0.000
AKT1       0.201  0.000  0.000  0.000    0.0   0.233   0.0  0.000  0.000
FOXO3      0.000  0.000  0.468  0.163    0.0   0.000   0.0  0.000  0.000
PIK3CD     0.000 -0.221  0.000  0.000    0.0   0.000   0.0  0.000  0.000
RHEB       0.000  0.000  0.000  0.000    0.0   0.000   0.0 -0.258 -0.617
TSC1       0.000  0.000  0.000  0.057    0.0   0.000   0.0  0.000  0.000
TSC2       0.000  0.000  0.000  0.235    0.0   0.000   0.0  0.000  0.000
Lambda
Shape: (9, 9)
         HSP90B1  KRAS  YWHAE  AKT1  FOXO3  PIK3CD  RHEB  TSC1  TSC2
HSP90B1      1.0   0.0    0.0   0.0    0.0     0.0   0.0   0.0   0.0
KRAS         0.0   1.0    0.0   0.0    0.0     0.0   0.0   0.0   0.0
YWHAE        0.0   0.0    1.0   0.0    0.0     0.0   0.0   0.0   0.0
AKT1         0.0   0.0    0.0   1.0    0.0     0.0   0.0   0.0   0.0
FOXO3        0.0   0.0    0.0   0.0    1.0     0.0   0.0   0.0   0.0
PIK3CD       0.0   0.0    0.0   0.0    0.0     1.0   0.0   0.0   0.0
RHEB         0.0   0.0    0.0   0.0    0.0     0.0   1.0   0.0   0.0
TSC1         0.0   0.0    0.0   0.0    0.0     0.0   0.0   1.0   0.0
TSC2         0.0   0.0    0.0   0.0    0.0     0.0   0.0   0.0   1.0
Psi
Shape: (9, 9)
         HSP90B1   KRAS  YWHAE   AKT1  FOXO3  PIK3CD   RHEB   TSC1   TSC2
HSP90B1    0.772  0.177 -0.189  0.000  0.000   0.000  0.000  0.000  0.000
KRAS       0.177  0.431 -0.544  0.000  0.000   0.000  0.000  0.000  0.000
YWHAE     -0.189 -0.544  1.522  0.000  0.000   0.000  0.000  0.000  0.000
AKT1       0.000  0.000  0.000  0.203  0.000   0.000  0.000  0.000  0.000
FOXO3      0.000  0.000  0.000  0.000  0.288   0.000  0.035  0.000  0.000
PIK3CD     0.000  0.000  0.000  0.000  0.000   0.277  0.000  0.000  0.000
RHEB       0.000  0.000  0.000  0.000  0.035   0.000  0.097  0.000  0.000
TSC1       0.000  0.000  0.000  0.000  0.000   0.000  0.000  0.217  0.000
TSC2       0.000  0.000  0.000  0.000  0.000   0.000  0.000  0.000  0.083
Theta
Shape: (9, 9)
         HSP90B1  KRAS  YWHAE  AKT1  FOXO3  PIK3CD  RHEB  TSC1  TSC2
HSP90B1      0.0   0.0    0.0   0.0    0.0     0.0   0.0   0.0   0.0
KRAS         0.0   0.0    0.0   0.0    0.0     0.0   0.0   0.0   0.0
YWHAE        0.0   0.0    0.0   0.0    0.0     0.0   0.0   0.0   0.0
AKT1         0.0   0.0    0.0   0.0    0.0     0.0   0.0   0.0   0.0
FOXO3        0.0   0.0    0.0   0.0    0.0     0.0   0.0   0.0   0.0
PIK3CD       0.0   0.0    0.0   0.0    0.0     0.0   0.0   0.0   0.0
RHEB         0.0   0.0    0.0   0.0    0.0     0.0   0.0   0.0   0.0
TSC1         0.0   0.0    0.0   0.0    0.0     0.0   0.0   0.0   0.0
TSC2         0.0   0.0    0.0   0.0    0.0     0.0   0.0   0.0   0.0
Empirical covariance matrix:
Shape: (9, 9)
         HSP90B1   KRAS  YWHAE   AKT1  FOXO3  PIK3CD   RHEB   TSC1   TSC2
HSP90B1    0.272  0.056  0.141  0.068  0.188   0.027  0.153  0.021 -0.019
KRAS       0.056  0.125  0.075 -0.006  0.136  -0.037 -0.000  0.058  0.002
YWHAE      0.141  0.075  0.245  0.072  0.173  -0.024  0.041  0.047  0.011
AKT1       0.068 -0.006  0.072  0.226  0.101   0.061  0.010  0.014  0.055
FOXO3      0.188  0.136  0.173  0.101  0.403   0.001  0.094  0.088  0.017
PIK3CD     0.027 -0.037 -0.024  0.061  0.001   0.219  0.035  0.061  0.030
RHEB       0.153 -0.000  0.041  0.010  0.094   0.035  0.304 -0.122 -0.077
TSC1       0.021  0.058  0.047  0.014  0.088   0.061 -0.122  0.308  0.079
TSC2      -0.019  0.002  0.011  0.055  0.017   0.030 -0.077  0.079  0.066
Model-implied covariance matrix:
Shape: (9, 9)
         HSP90B1   KRAS  YWHAE   AKT1  FOXO3  PIK3CD   RHEB   TSC1   TSC2
HSP90B1    0.772  0.177 -0.189  0.146 -0.065  -0.039 -0.023  0.008  0.034
KRAS       0.177  0.431 -0.544  0.013 -0.253  -0.095 -0.002  0.001  0.003
YWHAE     -0.189 -0.544  1.522 -0.010  0.711   0.120  0.002 -0.001 -0.002
AKT1       0.146  0.013 -0.010  0.247  0.036   0.062 -0.039  0.014  0.058
FOXO3     -0.065 -0.253  0.711  0.036  0.627   0.066  0.030  0.002  0.008
PIK3CD    -0.039 -0.095  0.120  0.062  0.066   0.298 -0.010  0.003  0.014
RHEB      -0.023 -0.002  0.002 -0.039  0.030  -0.010  0.150 -0.058 -0.060
TSC1       0.008  0.001 -0.001  0.014  0.002   0.003 -0.058  0.218  0.003
TSC2       0.034  0.003 -0.002  0.058  0.008   0.014 -0.060  0.003  0.096
Euclidian difference between them: 2.08046955169
