All variables: ['HSP90B1', 'KRAS', 'YWHAE', 'AKT1', 'FOXO3', 'PIK3CD', 'RHEB', 'TSC1', 'TSC2']
Observable variables: ['AKT1', 'FOXO3', 'PIK3CD', 'RHEB', 'TSC1', 'TSC2', 'HSP90B1', 'KRAS', 'YWHAE']
Structural part: ['HSP90B1', 'KRAS', 'YWHAE', 'AKT1', 'FOXO3', 'PIK3CD', 'RHEB', 'TSC1', 'TSC2']
Measurement part: ['HSP90B1', 'KRAS', 'YWHAE', 'AKT1', 'FOXO3', 'PIK3CD', 'RHEB', 'TSC1', 'TSC2']
Latent varaibles: []
Endogenous variables: ['AKT1', 'FOXO3', 'PIK3CD', 'RHEB', 'TSC1', 'TSC2']
Exogenous variables: ['HSP90B1', 'KRAS', 'YWHAE']
Beta
Shape: (9, 9)
         HSP90B1   KRAS  YWHAE   AKT1  FOXO3  PIK3CD  RHEB   TSC1   TSC2
HSP90B1    0.000  0.000   0.00  0.000    0.0   0.000   0.0  0.000  0.000
KRAS       0.000  0.000   0.00  0.000    0.0   0.000   0.0  0.000  0.000
YWHAE      0.000  0.000   0.00  0.000    0.0   0.000   0.0  0.000  0.000
AKT1       0.065  0.000   0.00  0.000    0.0   0.261   0.0  0.000  0.000
FOXO3      0.000  0.000  -0.22  0.059    0.0   0.000   0.0  0.000  0.000
PIK3CD     0.000 -0.219   0.00  0.000    0.0   0.000   0.0  0.000  0.000
RHEB       0.000  0.000   0.00  0.000    0.0   0.000   0.0  0.015 -0.146
TSC1       0.000  0.000   0.00  0.150    0.0   0.000   0.0  0.000  0.000
TSC2       0.000  0.000   0.00  0.377    0.0   0.000   0.0  0.000  0.000
Lambda
Shape: (9, 9)
         HSP90B1  KRAS  YWHAE  AKT1  FOXO3  PIK3CD  RHEB  TSC1  TSC2
HSP90B1      1.0   0.0    0.0   0.0    0.0     0.0   0.0   0.0   0.0
KRAS         0.0   1.0    0.0   0.0    0.0     0.0   0.0   0.0   0.0
YWHAE        0.0   0.0    1.0   0.0    0.0     0.0   0.0   0.0   0.0
AKT1         0.0   0.0    0.0   1.0    0.0     0.0   0.0   0.0   0.0
FOXO3        0.0   0.0    0.0   0.0    1.0     0.0   0.0   0.0   0.0
PIK3CD       0.0   0.0    0.0   0.0    0.0     1.0   0.0   0.0   0.0
RHEB         0.0   0.0    0.0   0.0    0.0     0.0   1.0   0.0   0.0
TSC1         0.0   0.0    0.0   0.0    0.0     0.0   0.0   1.0   0.0
TSC2         0.0   0.0    0.0   0.0    0.0     0.0   0.0   0.0   1.0
Psi
Shape: (9, 9)
         HSP90B1   KRAS  YWHAE   AKT1  FOXO3  PIK3CD   RHEB   TSC1   TSC2
HSP90B1    0.680 -0.097  0.730  0.000  0.000    0.00  0.000  0.000  0.000
KRAS      -0.097  0.156 -0.145  0.000  0.000    0.00  0.000  0.000  0.000
YWHAE      0.730 -0.145  1.230  0.000  0.000    0.00  0.000  0.000  0.000
AKT1       0.000  0.000  0.000  0.208  0.000    0.00  0.000  0.000  0.000
FOXO3      0.000  0.000  0.000  0.000  0.285    0.00  0.034  0.000  0.000
PIK3CD     0.000  0.000  0.000  0.000  0.000    0.28  0.000  0.000  0.000
RHEB       0.000  0.000  0.000  0.000  0.034    0.00  0.098  0.000  0.000
TSC1       0.000  0.000  0.000  0.000  0.000    0.00  0.000  0.211  0.000
TSC2       0.000  0.000  0.000  0.000  0.000    0.00  0.000  0.000  0.082
Theta
Shape: (9, 9)
         HSP90B1  KRAS  YWHAE  AKT1  FOXO3  PIK3CD  RHEB  TSC1  TSC2
HSP90B1      0.0   0.0    0.0   0.0    0.0     0.0   0.0   0.0   0.0
KRAS         0.0   0.0    0.0   0.0    0.0     0.0   0.0   0.0   0.0
YWHAE        0.0   0.0    0.0   0.0    0.0     0.0   0.0   0.0   0.0
AKT1         0.0   0.0    0.0   0.0    0.0     0.0   0.0   0.0   0.0
FOXO3        0.0   0.0    0.0   0.0    0.0     0.0   0.0   0.0   0.0
PIK3CD       0.0   0.0    0.0   0.0    0.0     0.0   0.0   0.0   0.0
RHEB         0.0   0.0    0.0   0.0    0.0     0.0   0.0   0.0   0.0
TSC1         0.0   0.0    0.0   0.0    0.0     0.0   0.0   0.0   0.0
TSC2         0.0   0.0    0.0   0.0    0.0     0.0   0.0   0.0   0.0
Empirical covariance matrix:
Shape: (9, 9)
         HSP90B1   KRAS  YWHAE   AKT1  FOXO3  PIK3CD   RHEB   TSC1   TSC2
HSP90B1    0.652 -0.051  0.363  0.051 -0.227   0.066 -0.043  0.257  0.089
KRAS      -0.051  0.079 -0.149 -0.077  0.072  -0.013  0.014 -0.029 -0.053
YWHAE      0.363 -0.149  1.508  0.342 -0.281   0.196  0.041  0.232  0.299
AKT1       0.051 -0.077  0.342  0.199 -0.061   0.085  0.025  0.051  0.094
FOXO3     -0.227  0.072 -0.281 -0.061  0.432  -0.081  0.004 -0.102 -0.063
PIK3CD     0.066 -0.013  0.196  0.085 -0.081   0.255  0.100  0.016  0.006
RHEB      -0.043  0.014  0.041  0.025  0.004   0.100  0.094 -0.016 -0.015
TSC1       0.257 -0.029  0.232  0.051 -0.102   0.016 -0.016  0.232  0.077
TSC2       0.089 -0.053  0.299  0.094 -0.063   0.006 -0.015  0.077  0.097
Model-implied covariance matrix:
Shape: (9, 9)
         HSP90B1   KRAS  YWHAE   AKT1  FOXO3  PIK3CD   RHEB   TSC1   TSC2
HSP90B1    0.680 -0.097  0.730  0.050 -0.157   0.021 -0.003  0.008  0.019
KRAS      -0.097  0.156 -0.145 -0.015  0.031  -0.034  0.001 -0.002 -0.006
YWHAE      0.730 -0.145  1.230  0.056 -0.267   0.032 -0.003  0.008  0.021
AKT1       0.050 -0.015  0.056  0.232  0.001   0.076 -0.012  0.035  0.087
FOXO3     -0.157  0.031 -0.267  0.001  0.344  -0.002  0.034  0.000  0.001
PIK3CD     0.021 -0.034  0.032  0.076 -0.002   0.288 -0.004  0.011  0.029
RHEB      -0.003  0.001 -0.003 -0.012  0.034  -0.004  0.101  0.001 -0.017
TSC1       0.008 -0.002  0.008  0.035  0.000   0.011  0.001  0.216  0.013
TSC2       0.019 -0.006  0.021  0.087  0.001   0.029 -0.017  0.013  0.115
Euclidian difference between them: 1.04910982711
