All variables: ['HSP90B1', 'KRAS', 'YWHAE', 'AKT1', 'FOXO3', 'PIK3CD', 'RHEB', 'TSC1', 'TSC2']
Observable variables: ['AKT1', 'FOXO3', 'PIK3CD', 'RHEB', 'TSC1', 'TSC2', 'HSP90B1', 'KRAS', 'YWHAE']
Structural part: ['HSP90B1', 'KRAS', 'YWHAE', 'AKT1', 'FOXO3', 'PIK3CD', 'RHEB', 'TSC1', 'TSC2']
Measurement part: ['HSP90B1', 'KRAS', 'YWHAE', 'AKT1', 'FOXO3', 'PIK3CD', 'RHEB', 'TSC1', 'TSC2']
Latent varaibles: []
Endogenous variables: ['AKT1', 'FOXO3', 'PIK3CD', 'RHEB', 'TSC1', 'TSC2']
Exogenous variables: ['HSP90B1', 'KRAS', 'YWHAE']
Beta
Shape: (9, 9)
         HSP90B1   KRAS  YWHAE   AKT1  FOXO3  PIK3CD  RHEB   TSC1   TSC2
HSP90B1    0.000  0.000  0.000  0.000    0.0   0.000   0.0  0.000  0.000
KRAS       0.000  0.000  0.000  0.000    0.0   0.000   0.0  0.000  0.000
YWHAE      0.000  0.000  0.000  0.000    0.0   0.000   0.0  0.000  0.000
AKT1       0.196  0.000  0.000  0.000    0.0   0.189   0.0  0.000  0.000
FOXO3      0.000  0.000 -0.238 -0.039    0.0   0.000   0.0  0.000  0.000
PIK3CD     0.000  0.038  0.000  0.000    0.0   0.000   0.0  0.000  0.000
RHEB       0.000  0.000  0.000  0.000    0.0   0.000   0.0 -0.311  0.079
TSC1       0.000  0.000  0.000 -0.049    0.0   0.000   0.0  0.000  0.000
TSC2       0.000  0.000  0.000  0.163    0.0   0.000   0.0  0.000  0.000
Lambda
Shape: (9, 9)
         HSP90B1  KRAS  YWHAE  AKT1  FOXO3  PIK3CD  RHEB  TSC1  TSC2
HSP90B1      1.0   0.0    0.0   0.0    0.0     0.0   0.0   0.0   0.0
KRAS         0.0   1.0    0.0   0.0    0.0     0.0   0.0   0.0   0.0
YWHAE        0.0   0.0    1.0   0.0    0.0     0.0   0.0   0.0   0.0
AKT1         0.0   0.0    0.0   1.0    0.0     0.0   0.0   0.0   0.0
FOXO3        0.0   0.0    0.0   0.0    1.0     0.0   0.0   0.0   0.0
PIK3CD       0.0   0.0    0.0   0.0    0.0     1.0   0.0   0.0   0.0
RHEB         0.0   0.0    0.0   0.0    0.0     0.0   1.0   0.0   0.0
TSC1         0.0   0.0    0.0   0.0    0.0     0.0   0.0   1.0   0.0
TSC2         0.0   0.0    0.0   0.0    0.0     0.0   0.0   0.0   1.0
Psi
Shape: (9, 9)
         HSP90B1   KRAS  YWHAE   AKT1  FOXO3  PIK3CD   RHEB   TSC1   TSC2
HSP90B1    0.680 -0.097  0.730  0.000  0.000    0.00  0.000  0.000  0.000
KRAS      -0.097  0.156 -0.145  0.000  0.000    0.00  0.000  0.000  0.000
YWHAE      0.730 -0.145  1.230  0.000  0.000    0.00  0.000  0.000  0.000
AKT1       0.000  0.000  0.000  0.208  0.000    0.00  0.000  0.000  0.000
FOXO3      0.000  0.000  0.000  0.000  0.285    0.00  0.034  0.000  0.000
PIK3CD     0.000  0.000  0.000  0.000  0.000    0.28  0.000  0.000  0.000
RHEB       0.000  0.000  0.000  0.000  0.034    0.00  0.098  0.000  0.000
TSC1       0.000  0.000  0.000  0.000  0.000    0.00  0.000  0.211  0.000
TSC2       0.000  0.000  0.000  0.000  0.000    0.00  0.000  0.000  0.082
Theta
Shape: (9, 9)
         HSP90B1  KRAS  YWHAE  AKT1  FOXO3  PIK3CD  RHEB  TSC1  TSC2
HSP90B1      0.0   0.0    0.0   0.0    0.0     0.0   0.0   0.0   0.0
KRAS         0.0   0.0    0.0   0.0    0.0     0.0   0.0   0.0   0.0
YWHAE        0.0   0.0    0.0   0.0    0.0     0.0   0.0   0.0   0.0
AKT1         0.0   0.0    0.0   0.0    0.0     0.0   0.0   0.0   0.0
FOXO3        0.0   0.0    0.0   0.0    0.0     0.0   0.0   0.0   0.0
PIK3CD       0.0   0.0    0.0   0.0    0.0     0.0   0.0   0.0   0.0
RHEB         0.0   0.0    0.0   0.0    0.0     0.0   0.0   0.0   0.0
TSC1         0.0   0.0    0.0   0.0    0.0     0.0   0.0   0.0   0.0
TSC2         0.0   0.0    0.0   0.0    0.0     0.0   0.0   0.0   0.0
Empirical covariance matrix:
Shape: (9, 9)
         HSP90B1   KRAS  YWHAE   AKT1  FOXO3  PIK3CD   RHEB   TSC1   TSC2
HSP90B1    0.678 -0.086  0.738  0.115 -0.150  -0.032  0.019 -0.029  0.028
KRAS      -0.086  0.160 -0.130 -0.016  0.036   0.002 -0.010  0.009 -0.004
YWHAE      0.738 -0.130  1.245  0.127 -0.243  -0.020  0.019 -0.043  0.020
AKT1       0.115 -0.016  0.127  0.221 -0.034   0.040  0.031 -0.026  0.033
FOXO3     -0.150  0.036 -0.243 -0.034  0.364   0.017  0.030  0.013  0.001
PIK3CD    -0.032  0.002 -0.020  0.040  0.017   0.265  0.000 -0.009  0.011
RHEB       0.019 -0.010  0.019  0.031  0.030   0.000  0.121 -0.067  0.017
TSC1      -0.029  0.009 -0.043 -0.026  0.013  -0.009 -0.067  0.207 -0.001
TSC2       0.028 -0.004  0.020  0.033  0.001   0.011  0.017 -0.001  0.093
Model-implied covariance matrix:
Shape: (9, 9)
         HSP90B1   KRAS  YWHAE   AKT1  FOXO3  PIK3CD   RHEB   TSC1   TSC2
HSP90B1    0.680 -0.097  0.730  0.133 -0.179  -0.004  0.004 -0.006  0.022
KRAS      -0.097  0.156 -0.145 -0.018  0.035   0.006 -0.001  0.001 -0.003
YWHAE      0.730 -0.145  1.230  0.142 -0.298  -0.005  0.004 -0.007  0.023
AKT1       0.133 -0.018  0.142  0.244 -0.043   0.052  0.007 -0.012  0.040
FOXO3     -0.179  0.035 -0.298 -0.043  0.358  -0.001  0.033  0.002 -0.007
PIK3CD    -0.004  0.006 -0.005  0.052 -0.001   0.280  0.001 -0.003  0.009
RHEB       0.004 -0.001  0.004  0.007  0.033   0.001  0.119 -0.066  0.008
TSC1      -0.006  0.001 -0.007 -0.012  0.002  -0.003 -0.066  0.211 -0.002
TSC2       0.022 -0.003  0.023  0.040 -0.007   0.009  0.008 -0.002  0.089
Euclidian difference between them: 0.144770240693
