All variables: ['HSP90B1', 'KRAS', 'YWHAE', 'AKT1', 'FOXO3', 'PIK3CD', 'RHEB', 'TSC1', 'TSC2']
Observable variables: ['AKT1', 'FOXO3', 'PIK3CD', 'RHEB', 'TSC1', 'TSC2', 'HSP90B1', 'KRAS', 'YWHAE']
Structural part: ['HSP90B1', 'KRAS', 'YWHAE', 'AKT1', 'FOXO3', 'PIK3CD', 'RHEB', 'TSC1', 'TSC2']
Measurement part: ['HSP90B1', 'KRAS', 'YWHAE', 'AKT1', 'FOXO3', 'PIK3CD', 'RHEB', 'TSC1', 'TSC2']
Latent varaibles: []
Endogenous variables: ['AKT1', 'FOXO3', 'PIK3CD', 'RHEB', 'TSC1', 'TSC2']
Exogenous variables: ['HSP90B1', 'KRAS', 'YWHAE']
Beta
Shape: (9, 9)
         HSP90B1   KRAS  YWHAE   AKT1  FOXO3  PIK3CD  RHEB   TSC1   TSC2
HSP90B1     0.00  0.000  0.000  0.000    0.0   0.000   0.0  0.000  0.000
KRAS        0.00  0.000  0.000  0.000    0.0   0.000   0.0  0.000  0.000
YWHAE       0.00  0.000  0.000  0.000    0.0   0.000   0.0  0.000  0.000
AKT1        0.19  0.000  0.000  0.000    0.0   0.274   0.0  0.000  0.000
FOXO3       0.00  0.000  0.419  0.150    0.0   0.000   0.0  0.000  0.000
PIK3CD      0.00 -0.216  0.000  0.000    0.0   0.000   0.0  0.000  0.000
RHEB        0.00  0.000  0.000  0.000    0.0   0.000   0.0 -0.245 -0.586
TSC1        0.00  0.000  0.000  0.047    0.0   0.000   0.0  0.000  0.000
TSC2        0.00  0.000  0.000  0.214    0.0   0.000   0.0  0.000  0.000
Lambda
Shape: (9, 9)
         HSP90B1  KRAS  YWHAE  AKT1  FOXO3  PIK3CD  RHEB  TSC1  TSC2
HSP90B1      1.0   0.0    0.0   0.0    0.0     0.0   0.0   0.0   0.0
KRAS         0.0   1.0    0.0   0.0    0.0     0.0   0.0   0.0   0.0
YWHAE        0.0   0.0    1.0   0.0    0.0     0.0   0.0   0.0   0.0
AKT1         0.0   0.0    0.0   1.0    0.0     0.0   0.0   0.0   0.0
FOXO3        0.0   0.0    0.0   0.0    1.0     0.0   0.0   0.0   0.0
PIK3CD       0.0   0.0    0.0   0.0    0.0     1.0   0.0   0.0   0.0
RHEB         0.0   0.0    0.0   0.0    0.0     0.0   1.0   0.0   0.0
TSC1         0.0   0.0    0.0   0.0    0.0     0.0   0.0   1.0   0.0
TSC2         0.0   0.0    0.0   0.0    0.0     0.0   0.0   0.0   1.0
Psi
Shape: (9, 9)
         HSP90B1   KRAS  YWHAE   AKT1  FOXO3  PIK3CD   RHEB   TSC1   TSC2
HSP90B1    0.680 -0.097  0.730  0.000  0.000    0.00  0.000  0.000  0.000
KRAS      -0.097  0.156 -0.145  0.000  0.000    0.00  0.000  0.000  0.000
YWHAE      0.730 -0.145  1.230  0.000  0.000    0.00  0.000  0.000  0.000
AKT1       0.000  0.000  0.000  0.208  0.000    0.00  0.000  0.000  0.000
FOXO3      0.000  0.000  0.000  0.000  0.285    0.00  0.034  0.000  0.000
PIK3CD     0.000  0.000  0.000  0.000  0.000    0.28  0.000  0.000  0.000
RHEB       0.000  0.000  0.000  0.000  0.034    0.00  0.098  0.000  0.000
TSC1       0.000  0.000  0.000  0.000  0.000    0.00  0.000  0.211  0.000
TSC2       0.000  0.000  0.000  0.000  0.000    0.00  0.000  0.000  0.082
Theta
Shape: (9, 9)
         HSP90B1  KRAS  YWHAE  AKT1  FOXO3  PIK3CD  RHEB  TSC1  TSC2
HSP90B1      0.0   0.0    0.0   0.0    0.0     0.0   0.0   0.0   0.0
KRAS         0.0   0.0    0.0   0.0    0.0     0.0   0.0   0.0   0.0
YWHAE        0.0   0.0    0.0   0.0    0.0     0.0   0.0   0.0   0.0
AKT1         0.0   0.0    0.0   0.0    0.0     0.0   0.0   0.0   0.0
FOXO3        0.0   0.0    0.0   0.0    0.0     0.0   0.0   0.0   0.0
PIK3CD       0.0   0.0    0.0   0.0    0.0     0.0   0.0   0.0   0.0
RHEB         0.0   0.0    0.0   0.0    0.0     0.0   0.0   0.0   0.0
TSC1         0.0   0.0    0.0   0.0    0.0     0.0   0.0   0.0   0.0
TSC2         0.0   0.0    0.0   0.0    0.0     0.0   0.0   0.0   0.0
Empirical covariance matrix:
Shape: (9, 9)
         HSP90B1   KRAS  YWHAE   AKT1  FOXO3  PIK3CD   RHEB   TSC1   TSC2
HSP90B1    0.272  0.056  0.141  0.068  0.188   0.027  0.153  0.021 -0.019
KRAS       0.056  0.125  0.075 -0.006  0.136  -0.037 -0.000  0.058  0.002
YWHAE      0.141  0.075  0.245  0.072  0.173  -0.024  0.041  0.047  0.011
AKT1       0.068 -0.006  0.072  0.226  0.101   0.061  0.010  0.014  0.055
FOXO3      0.188  0.136  0.173  0.101  0.403   0.001  0.094  0.088  0.017
PIK3CD     0.027 -0.037 -0.024  0.061  0.001   0.219  0.035  0.061  0.030
RHEB       0.153 -0.000  0.041  0.010  0.094   0.035  0.304 -0.122 -0.077
TSC1       0.021  0.058  0.047  0.014  0.088   0.061 -0.122  0.308  0.079
TSC2      -0.019  0.002  0.011  0.055  0.017   0.030 -0.077  0.079  0.066
Model-implied covariance matrix:
Shape: (9, 9)
         HSP90B1   KRAS  YWHAE   AKT1  FOXO3  PIK3CD   RHEB   TSC1   TSC2
HSP90B1    0.680 -0.097  0.730  0.135  0.326   0.021 -0.018  0.006  0.029
KRAS      -0.097  0.156 -0.145 -0.028 -0.065  -0.034  0.004 -0.001 -0.006
YWHAE      0.730 -0.145  1.230  0.147  0.538   0.031 -0.020  0.007  0.031
AKT1       0.135 -0.028  0.147  0.257  0.100   0.083 -0.035  0.012  0.055
FOXO3      0.326 -0.065  0.538  0.100  0.526   0.026  0.021  0.005  0.021
PIK3CD     0.021 -0.034  0.031  0.083  0.026   0.287 -0.011  0.004  0.018
RHEB      -0.018  0.004 -0.020 -0.035  0.021  -0.011  0.144 -0.053 -0.056
TSC1       0.006 -0.001  0.007  0.012  0.005   0.004 -0.053  0.211  0.003
TSC2       0.029 -0.006  0.031  0.055  0.021   0.018 -0.056  0.003  0.094
Euclidian difference between them: 1.60872157794
