All variables: ['HSP90B1', 'KRAS', 'YWHAE', 'AKT1', 'FOXO3', 'PIK3CD', 'RHEB', 'TSC1', 'TSC2']
Observable variables: ['AKT1', 'FOXO3', 'PIK3CD', 'RHEB', 'TSC1', 'TSC2', 'HSP90B1', 'KRAS', 'YWHAE']
Structural part: ['HSP90B1', 'KRAS', 'YWHAE', 'AKT1', 'FOXO3', 'PIK3CD', 'RHEB', 'TSC1', 'TSC2']
Measurement part: ['HSP90B1', 'KRAS', 'YWHAE', 'AKT1', 'FOXO3', 'PIK3CD', 'RHEB', 'TSC1', 'TSC2']
Latent varaibles: []
Endogenous variables: ['AKT1', 'FOXO3', 'PIK3CD', 'RHEB', 'TSC1', 'TSC2']
Exogenous variables: ['HSP90B1', 'KRAS', 'YWHAE']
Beta
Shape: (9, 9)
         HSP90B1   KRAS  YWHAE   AKT1  FOXO3  PIK3CD  RHEB   TSC1   TSC2
HSP90B1     0.00  0.000  0.000  0.000    0.0   0.000   0.0  0.000  0.000
KRAS        0.00  0.000  0.000  0.000    0.0   0.000   0.0  0.000  0.000
YWHAE       0.00  0.000  0.000  0.000    0.0   0.000   0.0  0.000  0.000
AKT1        0.21  0.000  0.000  0.000    0.0   0.157   0.0  0.000  0.000
FOXO3       0.00  0.000 -0.144  0.019    0.0   0.000   0.0  0.000  0.000
PIK3CD      0.00  0.181  0.000  0.000    0.0   0.000   0.0  0.000  0.000
RHEB        0.00  0.000  0.000  0.000    0.0   0.000   0.0 -0.335  0.002
TSC1        0.00  0.000  0.000 -0.139    0.0   0.000   0.0  0.000  0.000
TSC2        0.00  0.000  0.000  0.135    0.0   0.000   0.0  0.000  0.000
Lambda
Shape: (9, 9)
         HSP90B1  KRAS  YWHAE  AKT1  FOXO3  PIK3CD  RHEB  TSC1  TSC2
HSP90B1      1.0   0.0    0.0   0.0    0.0     0.0   0.0   0.0   0.0
KRAS         0.0   1.0    0.0   0.0    0.0     0.0   0.0   0.0   0.0
YWHAE        0.0   0.0    1.0   0.0    0.0     0.0   0.0   0.0   0.0
AKT1         0.0   0.0    0.0   1.0    0.0     0.0   0.0   0.0   0.0
FOXO3        0.0   0.0    0.0   0.0    1.0     0.0   0.0   0.0   0.0
PIK3CD       0.0   0.0    0.0   0.0    0.0     1.0   0.0   0.0   0.0
RHEB         0.0   0.0    0.0   0.0    0.0     0.0   1.0   0.0   0.0
TSC1         0.0   0.0    0.0   0.0    0.0     0.0   0.0   1.0   0.0
TSC2         0.0   0.0    0.0   0.0    0.0     0.0   0.0   0.0   1.0
Psi
Shape: (9, 9)
         HSP90B1   KRAS  YWHAE   AKT1  FOXO3  PIK3CD   RHEB   TSC1   TSC2
HSP90B1    0.772  0.177 -0.189  0.000  0.000   0.000  0.000  0.000  0.000
KRAS       0.177  0.431 -0.544  0.000  0.000   0.000  0.000  0.000  0.000
YWHAE     -0.189 -0.544  1.522  0.000  0.000   0.000  0.000  0.000  0.000
AKT1       0.000  0.000  0.000  0.203  0.000   0.000  0.000  0.000  0.000
FOXO3      0.000  0.000  0.000  0.000  0.288   0.000  0.035  0.000  0.000
PIK3CD     0.000  0.000  0.000  0.000  0.000   0.277  0.000  0.000  0.000
RHEB       0.000  0.000  0.000  0.000  0.035   0.000  0.097  0.000  0.000
TSC1       0.000  0.000  0.000  0.000  0.000   0.000  0.000  0.217  0.000
TSC2       0.000  0.000  0.000  0.000  0.000   0.000  0.000  0.000  0.083
Theta
Shape: (9, 9)
         HSP90B1  KRAS  YWHAE  AKT1  FOXO3  PIK3CD  RHEB  TSC1  TSC2
HSP90B1      0.0   0.0    0.0   0.0    0.0     0.0   0.0   0.0   0.0
KRAS         0.0   0.0    0.0   0.0    0.0     0.0   0.0   0.0   0.0
YWHAE        0.0   0.0    0.0   0.0    0.0     0.0   0.0   0.0   0.0
AKT1         0.0   0.0    0.0   0.0    0.0     0.0   0.0   0.0   0.0
FOXO3        0.0   0.0    0.0   0.0    0.0     0.0   0.0   0.0   0.0
PIK3CD       0.0   0.0    0.0   0.0    0.0     0.0   0.0   0.0   0.0
RHEB         0.0   0.0    0.0   0.0    0.0     0.0   0.0   0.0   0.0
TSC1         0.0   0.0    0.0   0.0    0.0     0.0   0.0   0.0   0.0
TSC2         0.0   0.0    0.0   0.0    0.0     0.0   0.0   0.0   0.0
Empirical covariance matrix:
Shape: (9, 9)
         HSP90B1   KRAS  YWHAE   AKT1  FOXO3  PIK3CD   RHEB   TSC1   TSC2
HSP90B1    0.636 -0.078  0.665  0.136 -0.090  -0.021  0.022 -0.032  0.016
KRAS      -0.078  0.150 -0.118 -0.013  0.014   0.028 -0.004  0.005 -0.000
YWHAE      0.665 -0.118  1.139  0.146 -0.166  -0.026  0.028 -0.039  0.019
AKT1       0.136 -0.013  0.146  0.241 -0.014   0.038  0.018 -0.039  0.033
FOXO3     -0.090  0.014 -0.166 -0.014  0.324   0.005  0.032  0.009 -0.007
PIK3CD    -0.021  0.028 -0.026  0.038  0.005   0.281  0.003 -0.005  0.008
RHEB       0.022 -0.004  0.028  0.018  0.032   0.003  0.124 -0.075  0.004
TSC1      -0.032  0.005 -0.039 -0.039  0.009  -0.005 -0.075  0.225 -0.008
TSC2       0.016 -0.000  0.019  0.033 -0.007   0.008  0.004 -0.008  0.088
Model-implied covariance matrix:
Shape: (9, 9)
         HSP90B1   KRAS  YWHAE   AKT1  FOXO3  PIK3CD   RHEB   TSC1   TSC2
HSP90B1    0.772  0.177 -0.189  0.167  0.030   0.032  0.008 -0.023  0.023
KRAS       0.177  0.431 -0.544  0.050  0.079   0.078  0.002 -0.007  0.007
YWHAE     -0.189 -0.544  1.522 -0.055 -0.220  -0.099 -0.003  0.008 -0.007
AKT1       0.167  0.050 -0.055  0.247  0.013   0.053  0.012 -0.034  0.033
FOXO3      0.030  0.079 -0.220  0.013  0.320   0.015  0.036 -0.002  0.002
PIK3CD     0.032  0.078 -0.099  0.053  0.015   0.291  0.002 -0.007  0.007
RHEB       0.008  0.002 -0.003  0.012  0.036   0.002  0.122 -0.074  0.002
TSC1      -0.023 -0.007  0.008 -0.034 -0.002  -0.007 -0.074  0.222 -0.005
TSC2       0.023  0.007 -0.007  0.033  0.002   0.007  0.002 -0.005  0.087
Euclidian difference between them: 1.5377704208
