All variables: ['HSP90B1', 'KRAS', 'YWHAE', 'AKT1', 'FOXO3', 'PIK3CD', 'RHEB', 'TSC1', 'TSC2']
Observable variables: ['AKT1', 'FOXO3', 'PIK3CD', 'RHEB', 'TSC1', 'TSC2', 'HSP90B1', 'KRAS', 'YWHAE']
Structural part: ['HSP90B1', 'KRAS', 'YWHAE', 'AKT1', 'FOXO3', 'PIK3CD', 'RHEB', 'TSC1', 'TSC2']
Measurement part: ['HSP90B1', 'KRAS', 'YWHAE', 'AKT1', 'FOXO3', 'PIK3CD', 'RHEB', 'TSC1', 'TSC2']
Latent varaibles: []
Endogenous variables: ['AKT1', 'FOXO3', 'PIK3CD', 'RHEB', 'TSC1', 'TSC2']
Exogenous variables: ['HSP90B1', 'KRAS', 'YWHAE']
Beta
Shape: (9, 9)
         HSP90B1   KRAS  YWHAE   AKT1  FOXO3  PIK3CD  RHEB   TSC1   TSC2
HSP90B1    0.000  0.000  0.000  0.000    0.0    0.00   0.0  0.000  0.000
KRAS       0.000  0.000  0.000  0.000    0.0    0.00   0.0  0.000  0.000
YWHAE      0.000  0.000  0.000  0.000    0.0    0.00   0.0  0.000  0.000
AKT1       0.057  0.000  0.000  0.000    0.0    0.35   0.0  0.000  0.000
FOXO3      0.000  0.000 -0.166  0.211    0.0    0.00   0.0  0.000  0.000
PIK3CD     0.000 -0.212  0.000  0.000    0.0    0.00   0.0  0.000  0.000
RHEB       0.000  0.000  0.000  0.000    0.0    0.00   0.0  0.067 -0.114
TSC1       0.000  0.000  0.000  0.447    0.0    0.00   0.0  0.000  0.000
TSC2       0.000  0.000  0.000  0.440    0.0    0.00   0.0  0.000  0.000
Lambda
Shape: (9, 9)
         HSP90B1  KRAS  YWHAE  AKT1  FOXO3  PIK3CD  RHEB  TSC1  TSC2
HSP90B1      1.0   0.0    0.0   0.0    0.0     0.0   0.0   0.0   0.0
KRAS         0.0   1.0    0.0   0.0    0.0     0.0   0.0   0.0   0.0
YWHAE        0.0   0.0    1.0   0.0    0.0     0.0   0.0   0.0   0.0
AKT1         0.0   0.0    0.0   1.0    0.0     0.0   0.0   0.0   0.0
FOXO3        0.0   0.0    0.0   0.0    1.0     0.0   0.0   0.0   0.0
PIK3CD       0.0   0.0    0.0   0.0    0.0     1.0   0.0   0.0   0.0
RHEB         0.0   0.0    0.0   0.0    0.0     0.0   1.0   0.0   0.0
TSC1         0.0   0.0    0.0   0.0    0.0     0.0   0.0   1.0   0.0
TSC2         0.0   0.0    0.0   0.0    0.0     0.0   0.0   0.0   1.0
Psi
Shape: (9, 9)
         HSP90B1   KRAS  YWHAE   AKT1  FOXO3  PIK3CD   RHEB   TSC1   TSC2
HSP90B1    0.680 -0.097  0.730  0.000  0.000    0.00  0.000  0.000  0.000
KRAS      -0.097  0.156 -0.145  0.000  0.000    0.00  0.000  0.000  0.000
YWHAE      0.730 -0.145  1.230  0.000  0.000    0.00  0.000  0.000  0.000
AKT1       0.000  0.000  0.000  0.208  0.000    0.00  0.000  0.000  0.000
FOXO3      0.000  0.000  0.000  0.000  0.285    0.00  0.034  0.000  0.000
PIK3CD     0.000  0.000  0.000  0.000  0.000    0.28  0.000  0.000  0.000
RHEB       0.000  0.000  0.000  0.000  0.034    0.00  0.098  0.000  0.000
TSC1       0.000  0.000  0.000  0.000  0.000    0.00  0.000  0.211  0.000
TSC2       0.000  0.000  0.000  0.000  0.000    0.00  0.000  0.000  0.082
Theta
Shape: (9, 9)
         HSP90B1  KRAS  YWHAE  AKT1  FOXO3  PIK3CD  RHEB  TSC1  TSC2
HSP90B1      0.0   0.0    0.0   0.0    0.0     0.0   0.0   0.0   0.0
KRAS         0.0   0.0    0.0   0.0    0.0     0.0   0.0   0.0   0.0
YWHAE        0.0   0.0    0.0   0.0    0.0     0.0   0.0   0.0   0.0
AKT1         0.0   0.0    0.0   0.0    0.0     0.0   0.0   0.0   0.0
FOXO3        0.0   0.0    0.0   0.0    0.0     0.0   0.0   0.0   0.0
PIK3CD       0.0   0.0    0.0   0.0    0.0     0.0   0.0   0.0   0.0
RHEB         0.0   0.0    0.0   0.0    0.0     0.0   0.0   0.0   0.0
TSC1         0.0   0.0    0.0   0.0    0.0     0.0   0.0   0.0   0.0
TSC2         0.0   0.0    0.0   0.0    0.0     0.0   0.0   0.0   0.0
Empirical covariance matrix:
Shape: (9, 9)
         HSP90B1   KRAS  YWHAE   AKT1  FOXO3  PIK3CD   RHEB   TSC1   TSC2
HSP90B1    0.239  0.016  0.020  0.021  0.034   0.039  0.048  0.029  0.028
KRAS       0.016  0.090  0.011  0.011  0.074  -0.020  0.008 -0.005  0.000
YWHAE      0.020  0.011  0.289  0.019 -0.053  -0.104 -0.018 -0.117  0.014
AKT1       0.021  0.011  0.019  0.152  0.035   0.072  0.009  0.082  0.081
FOXO3      0.034  0.074 -0.053  0.035  0.199  -0.002  0.027  0.055  0.040
PIK3CD     0.039 -0.020 -0.104  0.072 -0.002   0.191  0.038  0.110  0.017
RHEB       0.048  0.008 -0.018  0.009  0.027   0.038  0.061  0.015 -0.007
TSC1       0.029 -0.005 -0.117  0.082  0.055   0.110  0.015  0.154  0.058
TSC2       0.028  0.000  0.014  0.081  0.040   0.017 -0.007  0.058  0.085
Model-implied covariance matrix:
Shape: (9, 9)
         HSP90B1   KRAS  YWHAE   AKT1  FOXO3  PIK3CD   RHEB   TSC1   TSC2
HSP90B1    0.680 -0.097  0.730  0.046 -0.111   0.020 -0.001  0.020  0.020
KRAS      -0.097  0.156 -0.145 -0.017  0.020  -0.033  0.000 -0.008 -0.007
YWHAE      0.730 -0.145  1.230  0.052 -0.193   0.031 -0.001  0.023  0.023
AKT1       0.046 -0.017  0.052  0.246  0.043   0.102 -0.005  0.110  0.108
FOXO3     -0.111  0.020 -0.193  0.043  0.326   0.016  0.033  0.019  0.019
PIK3CD     0.020 -0.033  0.031  0.102  0.016   0.287 -0.002  0.045  0.045
RHEB      -0.001  0.000 -0.001 -0.005  0.033  -0.002  0.100  0.012 -0.012
TSC1       0.020 -0.008  0.023  0.110  0.019   0.045  0.012  0.260  0.048
TSC2       0.020 -0.007  0.023  0.108  0.019   0.045 -0.012  0.048  0.130
Euclidian difference between them: 1.55292960981
