All variables: ['HSP90B1', 'KRAS', 'YWHAE', 'AKT1', 'FOXO3', 'PIK3CD', 'RHEB', 'TSC1', 'TSC2']
Observable variables: ['AKT1', 'FOXO3', 'PIK3CD', 'RHEB', 'TSC1', 'TSC2', 'HSP90B1', 'KRAS', 'YWHAE']
Structural part: ['HSP90B1', 'KRAS', 'YWHAE', 'AKT1', 'FOXO3', 'PIK3CD', 'RHEB', 'TSC1', 'TSC2']
Measurement part: ['HSP90B1', 'KRAS', 'YWHAE', 'AKT1', 'FOXO3', 'PIK3CD', 'RHEB', 'TSC1', 'TSC2']
Latent varaibles: []
Endogenous variables: ['AKT1', 'FOXO3', 'PIK3CD', 'RHEB', 'TSC1', 'TSC2']
Exogenous variables: ['HSP90B1', 'KRAS', 'YWHAE']
Beta
Shape: (9, 9)
         HSP90B1   KRAS  YWHAE   AKT1  FOXO3  PIK3CD  RHEB   TSC1   TSC2
HSP90B1    0.000  0.000  0.000  0.000    0.0   0.000   0.0  0.000  0.000
KRAS       0.000  0.000  0.000  0.000    0.0   0.000   0.0  0.000  0.000
YWHAE      0.000  0.000  0.000  0.000    0.0   0.000   0.0  0.000  0.000
AKT1       0.246  0.000  0.000  0.000    0.0   0.085   0.0  0.000  0.000
FOXO3      0.000  0.000 -0.205 -0.093    0.0   0.000   0.0  0.000  0.000
PIK3CD     0.000  0.234  0.000  0.000    0.0   0.000   0.0  0.000  0.000
RHEB       0.000  0.000  0.000  0.000    0.0   0.000   0.0 -0.303  0.095
TSC1       0.000  0.000  0.000 -0.137    0.0   0.000   0.0  0.000  0.000
TSC2       0.000  0.000  0.000  0.144    0.0   0.000   0.0  0.000  0.000
Lambda
Shape: (9, 9)
         HSP90B1  KRAS  YWHAE  AKT1  FOXO3  PIK3CD  RHEB  TSC1  TSC2
HSP90B1      1.0   0.0    0.0   0.0    0.0     0.0   0.0   0.0   0.0
KRAS         0.0   1.0    0.0   0.0    0.0     0.0   0.0   0.0   0.0
YWHAE        0.0   0.0    1.0   0.0    0.0     0.0   0.0   0.0   0.0
AKT1         0.0   0.0    0.0   1.0    0.0     0.0   0.0   0.0   0.0
FOXO3        0.0   0.0    0.0   0.0    1.0     0.0   0.0   0.0   0.0
PIK3CD       0.0   0.0    0.0   0.0    0.0     1.0   0.0   0.0   0.0
RHEB         0.0   0.0    0.0   0.0    0.0     0.0   1.0   0.0   0.0
TSC1         0.0   0.0    0.0   0.0    0.0     0.0   0.0   1.0   0.0
TSC2         0.0   0.0    0.0   0.0    0.0     0.0   0.0   0.0   1.0
Psi
Shape: (9, 9)
         HSP90B1   KRAS  YWHAE   AKT1  FOXO3  PIK3CD   RHEB   TSC1   TSC2
HSP90B1    0.772  0.177 -0.189  0.000  0.000   0.000  0.000  0.000  0.000
KRAS       0.177  0.431 -0.544  0.000  0.000   0.000  0.000  0.000  0.000
YWHAE     -0.189 -0.544  1.522  0.000  0.000   0.000  0.000  0.000  0.000
AKT1       0.000  0.000  0.000  0.203  0.000   0.000  0.000  0.000  0.000
FOXO3      0.000  0.000  0.000  0.000  0.288   0.000  0.035  0.000  0.000
PIK3CD     0.000  0.000  0.000  0.000  0.000   0.277  0.000  0.000  0.000
RHEB       0.000  0.000  0.000  0.000  0.035   0.000  0.097  0.000  0.000
TSC1       0.000  0.000  0.000  0.000  0.000   0.000  0.000  0.217  0.000
TSC2       0.000  0.000  0.000  0.000  0.000   0.000  0.000  0.000  0.083
Theta
Shape: (9, 9)
         HSP90B1  KRAS  YWHAE  AKT1  FOXO3  PIK3CD  RHEB  TSC1  TSC2
HSP90B1      0.0   0.0    0.0   0.0    0.0     0.0   0.0   0.0   0.0
KRAS         0.0   0.0    0.0   0.0    0.0     0.0   0.0   0.0   0.0
YWHAE        0.0   0.0    0.0   0.0    0.0     0.0   0.0   0.0   0.0
AKT1         0.0   0.0    0.0   0.0    0.0     0.0   0.0   0.0   0.0
FOXO3        0.0   0.0    0.0   0.0    0.0     0.0   0.0   0.0   0.0
PIK3CD       0.0   0.0    0.0   0.0    0.0     0.0   0.0   0.0   0.0
RHEB         0.0   0.0    0.0   0.0    0.0     0.0   0.0   0.0   0.0
TSC1         0.0   0.0    0.0   0.0    0.0     0.0   0.0   0.0   0.0
TSC2         0.0   0.0    0.0   0.0    0.0     0.0   0.0   0.0   0.0
Empirical covariance matrix:
Shape: (9, 9)
         HSP90B1   KRAS  YWHAE   AKT1  FOXO3  PIK3CD   RHEB   TSC1   TSC2
HSP90B1    0.662 -0.093  0.702  0.162 -0.154  -0.026  0.012 -0.032  0.034
KRAS      -0.093  0.159 -0.143 -0.021  0.029   0.039 -0.001  0.003 -0.004
YWHAE      0.702 -0.143  1.197  0.173 -0.259  -0.034  0.016 -0.037  0.039
AKT1       0.162 -0.021  0.173  0.245 -0.057   0.017  0.015 -0.039  0.040
FOXO3     -0.154  0.029 -0.259 -0.057  0.352   0.006  0.030  0.013 -0.011
PIK3CD    -0.026  0.039 -0.034  0.017  0.006   0.297  0.005 -0.003  0.007
RHEB       0.012 -0.001  0.016  0.015  0.030   0.005  0.119 -0.069  0.013
TSC1      -0.032  0.003 -0.037 -0.039  0.013  -0.003 -0.069  0.225 -0.009
TSC2       0.034 -0.004  0.039  0.040 -0.011   0.007  0.013 -0.009  0.096
Model-implied covariance matrix:
Shape: (9, 9)
         HSP90B1   KRAS  YWHAE   AKT1  FOXO3  PIK3CD   RHEB   TSC1   TSC2
HSP90B1    0.772  0.177 -0.189  0.193  0.021   0.041  0.011 -0.026  0.028
KRAS       0.177  0.431 -0.544  0.052  0.107   0.101  0.003 -0.007  0.008
YWHAE     -0.189 -0.544  1.522 -0.057 -0.306  -0.127 -0.003  0.008 -0.008
AKT1       0.193  0.052 -0.057  0.254 -0.012   0.036  0.014 -0.035  0.037
FOXO3      0.021  0.107 -0.306 -0.012  0.352   0.023  0.035  0.002 -0.002
PIK3CD     0.041  0.101 -0.127  0.036  0.023   0.300  0.002 -0.005  0.005
RHEB       0.011  0.003 -0.003  0.014  0.035   0.002  0.119 -0.068  0.010
TSC1      -0.026 -0.007  0.008 -0.035  0.002  -0.005 -0.068  0.222 -0.005
TSC2       0.028  0.008 -0.008  0.037 -0.002   0.005  0.010 -0.005  0.088
Euclidian difference between them: 1.57859448435
