All variables: ['HSP90B1', 'KRAS', 'YWHAE', 'AKT1', 'FOXO3', 'PIK3CD', 'RHEB', 'TSC1', 'TSC2']
Observable variables: ['AKT1', 'FOXO3', 'PIK3CD', 'RHEB', 'TSC1', 'TSC2', 'HSP90B1', 'KRAS', 'YWHAE']
Structural part: ['HSP90B1', 'KRAS', 'YWHAE', 'AKT1', 'FOXO3', 'PIK3CD', 'RHEB', 'TSC1', 'TSC2']
Measurement part: ['HSP90B1', 'KRAS', 'YWHAE', 'AKT1', 'FOXO3', 'PIK3CD', 'RHEB', 'TSC1', 'TSC2']
Latent varaibles: []
Endogenous variables: ['AKT1', 'FOXO3', 'PIK3CD', 'RHEB', 'TSC1', 'TSC2']
Exogenous variables: ['HSP90B1', 'KRAS', 'YWHAE']
Beta
Shape: (9, 9)
         HSP90B1   KRAS  YWHAE   AKT1  FOXO3  PIK3CD  RHEB   TSC1  TSC2
HSP90B1    0.000  0.000  0.000  0.000    0.0   0.000   0.0  0.000  0.00
KRAS       0.000  0.000  0.000  0.000    0.0   0.000   0.0  0.000  0.00
YWHAE      0.000  0.000  0.000  0.000    0.0   0.000   0.0  0.000  0.00
AKT1       0.269  0.000  0.000  0.000    0.0   0.041   0.0  0.000  0.00
FOXO3      0.000  0.000 -0.197 -0.111    0.0   0.000   0.0  0.000  0.00
PIK3CD     0.000  0.268  0.000  0.000    0.0   0.000   0.0  0.000  0.00
RHEB       0.000  0.000  0.000  0.000    0.0   0.000   0.0 -0.272  0.06
TSC1       0.000  0.000  0.000 -0.151    0.0   0.000   0.0  0.000  0.00
TSC2       0.000  0.000  0.000  0.157    0.0   0.000   0.0  0.000  0.00
Lambda
Shape: (9, 9)
         HSP90B1  KRAS  YWHAE  AKT1  FOXO3  PIK3CD  RHEB  TSC1  TSC2
HSP90B1      1.0   0.0    0.0   0.0    0.0     0.0   0.0   0.0   0.0
KRAS         0.0   1.0    0.0   0.0    0.0     0.0   0.0   0.0   0.0
YWHAE        0.0   0.0    1.0   0.0    0.0     0.0   0.0   0.0   0.0
AKT1         0.0   0.0    0.0   1.0    0.0     0.0   0.0   0.0   0.0
FOXO3        0.0   0.0    0.0   0.0    1.0     0.0   0.0   0.0   0.0
PIK3CD       0.0   0.0    0.0   0.0    0.0     1.0   0.0   0.0   0.0
RHEB         0.0   0.0    0.0   0.0    0.0     0.0   1.0   0.0   0.0
TSC1         0.0   0.0    0.0   0.0    0.0     0.0   0.0   1.0   0.0
TSC2         0.0   0.0    0.0   0.0    0.0     0.0   0.0   0.0   1.0
Psi
Shape: (9, 9)
         HSP90B1   KRAS  YWHAE   AKT1  FOXO3  PIK3CD   RHEB   TSC1   TSC2
HSP90B1    0.772  0.177 -0.189  0.000  0.000   0.000  0.000  0.000  0.000
KRAS       0.177  0.431 -0.544  0.000  0.000   0.000  0.000  0.000  0.000
YWHAE     -0.189 -0.544  1.522  0.000  0.000   0.000  0.000  0.000  0.000
AKT1       0.000  0.000  0.000  0.203  0.000   0.000  0.000  0.000  0.000
FOXO3      0.000  0.000  0.000  0.000  0.288   0.000  0.035  0.000  0.000
PIK3CD     0.000  0.000  0.000  0.000  0.000   0.277  0.000  0.000  0.000
RHEB       0.000  0.000  0.000  0.000  0.035   0.000  0.097  0.000  0.000
TSC1       0.000  0.000  0.000  0.000  0.000   0.000  0.000  0.217  0.000
TSC2       0.000  0.000  0.000  0.000  0.000   0.000  0.000  0.000  0.083
Theta
Shape: (9, 9)
         HSP90B1  KRAS  YWHAE  AKT1  FOXO3  PIK3CD  RHEB  TSC1  TSC2
HSP90B1      0.0   0.0    0.0   0.0    0.0     0.0   0.0   0.0   0.0
KRAS         0.0   0.0    0.0   0.0    0.0     0.0   0.0   0.0   0.0
YWHAE        0.0   0.0    0.0   0.0    0.0     0.0   0.0   0.0   0.0
AKT1         0.0   0.0    0.0   0.0    0.0     0.0   0.0   0.0   0.0
FOXO3        0.0   0.0    0.0   0.0    0.0     0.0   0.0   0.0   0.0
PIK3CD       0.0   0.0    0.0   0.0    0.0     0.0   0.0   0.0   0.0
RHEB         0.0   0.0    0.0   0.0    0.0     0.0   0.0   0.0   0.0
TSC1         0.0   0.0    0.0   0.0    0.0     0.0   0.0   0.0   0.0
TSC2         0.0   0.0    0.0   0.0    0.0     0.0   0.0   0.0   0.0
Empirical covariance matrix:
Shape: (9, 9)
         HSP90B1   KRAS  YWHAE   AKT1  FOXO3  PIK3CD   RHEB   TSC1   TSC2
HSP90B1    0.653 -0.097  0.690  0.185 -0.150  -0.045  0.020 -0.035  0.039
KRAS      -0.097  0.155 -0.143 -0.025  0.035   0.046 -0.003  0.007 -0.004
YWHAE      0.690 -0.143  1.165  0.201 -0.239  -0.057  0.027 -0.043  0.044
AKT1       0.185 -0.025  0.201  0.262 -0.071  -0.002  0.017 -0.042  0.044
FOXO3     -0.150  0.035 -0.239 -0.071  0.335   0.014  0.027  0.016 -0.015
PIK3CD    -0.045  0.046 -0.057 -0.002  0.014   0.296 -0.001  0.006  0.002
RHEB       0.020 -0.003  0.027  0.017  0.027  -0.001  0.117 -0.061  0.007
TSC1      -0.035  0.007 -0.043 -0.042  0.016   0.006 -0.061  0.224 -0.007
TSC2       0.039 -0.004  0.044  0.044 -0.015   0.002  0.007 -0.007  0.091
Model-implied covariance matrix:
Shape: (9, 9)
         HSP90B1   KRAS  YWHAE   AKT1  FOXO3  PIK3CD   RHEB   TSC1   TSC2
HSP90B1    0.772  0.177 -0.189  0.210  0.014   0.048  0.011 -0.032  0.033
KRAS       0.177  0.431 -0.544  0.053  0.101   0.116  0.003 -0.008  0.008
YWHAE     -0.189 -0.544  1.522 -0.057 -0.293  -0.146 -0.003  0.009 -0.009
AKT1       0.210  0.053 -0.057  0.261 -0.018   0.025  0.013 -0.039  0.041
FOXO3      0.014  0.101 -0.293 -0.018  0.348   0.026  0.034  0.003 -0.003
PIK3CD     0.048  0.116 -0.146  0.025  0.026   0.308  0.001 -0.004  0.004
RHEB       0.011  0.003 -0.003  0.013  0.034   0.001  0.114 -0.061  0.007
TSC1      -0.032 -0.008  0.009 -0.039  0.003  -0.004 -0.061  0.223 -0.006
TSC2       0.033  0.008 -0.009  0.041 -0.003   0.004  0.007 -0.006  0.089
Euclidian difference between them: 1.58601475269
