All variables: ['HSP90B1', 'KRAS', 'YWHAE', 'AKT1', 'FOXO3', 'PIK3CD', 'RHEB', 'TSC1', 'TSC2']
Observable variables: ['AKT1', 'FOXO3', 'PIK3CD', 'RHEB', 'TSC1', 'TSC2', 'HSP90B1', 'KRAS', 'YWHAE']
Structural part: ['HSP90B1', 'KRAS', 'YWHAE', 'AKT1', 'FOXO3', 'PIK3CD', 'RHEB', 'TSC1', 'TSC2']
Measurement part: ['HSP90B1', 'KRAS', 'YWHAE', 'AKT1', 'FOXO3', 'PIK3CD', 'RHEB', 'TSC1', 'TSC2']
Latent varaibles: []
Endogenous variables: ['AKT1', 'FOXO3', 'PIK3CD', 'RHEB', 'TSC1', 'TSC2']
Exogenous variables: ['HSP90B1', 'KRAS', 'YWHAE']
Beta
Shape: (9, 9)
         HSP90B1   KRAS  YWHAE   AKT1  FOXO3  PIK3CD  RHEB   TSC1   TSC2
HSP90B1    0.000  0.000  0.000  0.000    0.0   0.000   0.0  0.000  0.000
KRAS       0.000  0.000  0.000  0.000    0.0   0.000   0.0  0.000  0.000
YWHAE      0.000  0.000  0.000  0.000    0.0   0.000   0.0  0.000  0.000
AKT1       0.228  0.000  0.000  0.000    0.0   0.113   0.0  0.000  0.000
FOXO3      0.000  0.000 -0.236 -0.030    0.0   0.000   0.0  0.000  0.000
PIK3CD     0.000  0.205  0.000  0.000    0.0   0.000   0.0  0.000  0.000
RHEB       0.000  0.000  0.000  0.000    0.0   0.000   0.0 -0.332  0.082
TSC1       0.000  0.000  0.000 -0.141    0.0   0.000   0.0  0.000  0.000
TSC2       0.000  0.000  0.000  0.120    0.0   0.000   0.0  0.000  0.000
Lambda
Shape: (9, 9)
         HSP90B1  KRAS  YWHAE  AKT1  FOXO3  PIK3CD  RHEB  TSC1  TSC2
HSP90B1      1.0   0.0    0.0   0.0    0.0     0.0   0.0   0.0   0.0
KRAS         0.0   1.0    0.0   0.0    0.0     0.0   0.0   0.0   0.0
YWHAE        0.0   0.0    1.0   0.0    0.0     0.0   0.0   0.0   0.0
AKT1         0.0   0.0    0.0   1.0    0.0     0.0   0.0   0.0   0.0
FOXO3        0.0   0.0    0.0   0.0    1.0     0.0   0.0   0.0   0.0
PIK3CD       0.0   0.0    0.0   0.0    0.0     1.0   0.0   0.0   0.0
RHEB         0.0   0.0    0.0   0.0    0.0     0.0   1.0   0.0   0.0
TSC1         0.0   0.0    0.0   0.0    0.0     0.0   0.0   1.0   0.0
TSC2         0.0   0.0    0.0   0.0    0.0     0.0   0.0   0.0   1.0
Psi
Shape: (9, 9)
         HSP90B1   KRAS  YWHAE   AKT1  FOXO3  PIK3CD   RHEB   TSC1   TSC2
HSP90B1    0.772  0.177 -0.189  0.000  0.000   0.000  0.000  0.000  0.000
KRAS       0.177  0.431 -0.544  0.000  0.000   0.000  0.000  0.000  0.000
YWHAE     -0.189 -0.544  1.522  0.000  0.000   0.000  0.000  0.000  0.000
AKT1       0.000  0.000  0.000  0.203  0.000   0.000  0.000  0.000  0.000
FOXO3      0.000  0.000  0.000  0.000  0.288   0.000  0.035  0.000  0.000
PIK3CD     0.000  0.000  0.000  0.000  0.000   0.277  0.000  0.000  0.000
RHEB       0.000  0.000  0.000  0.000  0.035   0.000  0.097  0.000  0.000
TSC1       0.000  0.000  0.000  0.000  0.000   0.000  0.000  0.217  0.000
TSC2       0.000  0.000  0.000  0.000  0.000   0.000  0.000  0.000  0.083
Theta
Shape: (9, 9)
         HSP90B1  KRAS  YWHAE  AKT1  FOXO3  PIK3CD  RHEB  TSC1  TSC2
HSP90B1      0.0   0.0    0.0   0.0    0.0     0.0   0.0   0.0   0.0
KRAS         0.0   0.0    0.0   0.0    0.0     0.0   0.0   0.0   0.0
YWHAE        0.0   0.0    0.0   0.0    0.0     0.0   0.0   0.0   0.0
AKT1         0.0   0.0    0.0   0.0    0.0     0.0   0.0   0.0   0.0
FOXO3        0.0   0.0    0.0   0.0    0.0     0.0   0.0   0.0   0.0
PIK3CD       0.0   0.0    0.0   0.0    0.0     0.0   0.0   0.0   0.0
RHEB         0.0   0.0    0.0   0.0    0.0     0.0   0.0   0.0   0.0
TSC1         0.0   0.0    0.0   0.0    0.0     0.0   0.0   0.0   0.0
TSC2         0.0   0.0    0.0   0.0    0.0     0.0   0.0   0.0   0.0
Empirical covariance matrix:
Shape: (9, 9)
         HSP90B1   KRAS  YWHAE   AKT1  FOXO3  PIK3CD   RHEB   TSC1   TSC2
HSP90B1    0.661 -0.090  0.703  0.156 -0.167  -0.026  0.018 -0.035  0.015
KRAS      -0.090  0.151 -0.133 -0.017  0.029   0.030 -0.007  0.007 -0.001
YWHAE      0.703 -0.133  1.190  0.167 -0.276  -0.036  0.023 -0.040  0.016
AKT1       0.156 -0.017  0.167  0.243 -0.045   0.027  0.019 -0.040  0.028
FOXO3     -0.167  0.029 -0.276 -0.045  0.347   0.007  0.025  0.015 -0.004
PIK3CD    -0.026  0.030 -0.036  0.027  0.007   0.286 -0.001 -0.004  0.005
RHEB       0.018 -0.007  0.023  0.019  0.025  -0.001  0.119 -0.073  0.010
TSC1      -0.035  0.007 -0.040 -0.040  0.015  -0.004 -0.073  0.226 -0.004
TSC2       0.015 -0.001  0.016  0.028 -0.004   0.005  0.010 -0.004  0.087
Model-implied covariance matrix:
Shape: (9, 9)
         HSP90B1   KRAS  YWHAE   AKT1  FOXO3  PIK3CD   RHEB   TSC1   TSC2
HSP90B1    0.772  0.177 -0.189  0.180  0.039   0.036  0.010 -0.025  0.022
KRAS       0.177  0.431 -0.544  0.050  0.127   0.089  0.003 -0.007  0.006
YWHAE     -0.189 -0.544  1.522 -0.056 -0.357  -0.112 -0.003  0.008 -0.007
AKT1       0.180  0.050 -0.056  0.249  0.006   0.042  0.014 -0.035  0.030
FOXO3      0.039  0.127 -0.357  0.006  0.372   0.025  0.036 -0.001  0.001
PIK3CD     0.036  0.089 -0.112  0.042  0.025   0.295  0.002 -0.006  0.005
RHEB       0.010  0.003 -0.003  0.014  0.036   0.002  0.123 -0.074  0.008
TSC1      -0.025 -0.007  0.008 -0.035 -0.001  -0.006 -0.074  0.222 -0.004
TSC2       0.022  0.006 -0.007  0.030  0.001   0.005  0.008 -0.004  0.086
Euclidian difference between them: 1.59475132578
