All variables: ['HSP90B1', 'KRAS', 'YWHAE', 'AKT1', 'FOXO3', 'PIK3CD', 'RHEB', 'TSC1', 'TSC2']
Observable variables: ['AKT1', 'FOXO3', 'PIK3CD', 'RHEB', 'TSC1', 'TSC2', 'HSP90B1', 'KRAS', 'YWHAE']
Structural part: ['HSP90B1', 'KRAS', 'YWHAE', 'AKT1', 'FOXO3', 'PIK3CD', 'RHEB', 'TSC1', 'TSC2']
Measurement part: ['HSP90B1', 'KRAS', 'YWHAE', 'AKT1', 'FOXO3', 'PIK3CD', 'RHEB', 'TSC1', 'TSC2']
Latent varaibles: []
Endogenous variables: ['AKT1', 'FOXO3', 'PIK3CD', 'RHEB', 'TSC1', 'TSC2']
Exogenous variables: ['HSP90B1', 'KRAS', 'YWHAE']
Beta
Shape: (9, 9)
         HSP90B1   KRAS  YWHAE   AKT1  FOXO3  PIK3CD  RHEB   TSC1   TSC2
HSP90B1    0.000  0.000  0.000  0.000    0.0   0.000   0.0  0.000  0.000
KRAS       0.000  0.000  0.000  0.000    0.0   0.000   0.0  0.000  0.000
YWHAE      0.000  0.000  0.000  0.000    0.0   0.000   0.0  0.000  0.000
AKT1       0.061  0.000  0.000  0.000    0.0   0.335   0.0  0.000  0.000
FOXO3      0.000  0.000 -0.169  0.193    0.0   0.000   0.0  0.000  0.000
PIK3CD     0.000 -0.241  0.000  0.000    0.0   0.000   0.0  0.000  0.000
RHEB       0.000  0.000  0.000  0.000    0.0   0.000   0.0  0.145 -0.213
TSC1       0.000  0.000  0.000  0.465    0.0   0.000   0.0  0.000  0.000
TSC2       0.000  0.000  0.000  0.463    0.0   0.000   0.0  0.000  0.000
Lambda
Shape: (9, 9)
         HSP90B1  KRAS  YWHAE  AKT1  FOXO3  PIK3CD  RHEB  TSC1  TSC2
HSP90B1      1.0   0.0    0.0   0.0    0.0     0.0   0.0   0.0   0.0
KRAS         0.0   1.0    0.0   0.0    0.0     0.0   0.0   0.0   0.0
YWHAE        0.0   0.0    1.0   0.0    0.0     0.0   0.0   0.0   0.0
AKT1         0.0   0.0    0.0   1.0    0.0     0.0   0.0   0.0   0.0
FOXO3        0.0   0.0    0.0   0.0    1.0     0.0   0.0   0.0   0.0
PIK3CD       0.0   0.0    0.0   0.0    0.0     1.0   0.0   0.0   0.0
RHEB         0.0   0.0    0.0   0.0    0.0     0.0   1.0   0.0   0.0
TSC1         0.0   0.0    0.0   0.0    0.0     0.0   0.0   1.0   0.0
TSC2         0.0   0.0    0.0   0.0    0.0     0.0   0.0   0.0   1.0
Psi
Shape: (9, 9)
         HSP90B1   KRAS  YWHAE   AKT1  FOXO3  PIK3CD   RHEB   TSC1   TSC2
HSP90B1    0.772  0.177 -0.189  0.000  0.000   0.000  0.000  0.000  0.000
KRAS       0.177  0.431 -0.544  0.000  0.000   0.000  0.000  0.000  0.000
YWHAE     -0.189 -0.544  1.522  0.000  0.000   0.000  0.000  0.000  0.000
AKT1       0.000  0.000  0.000  0.203  0.000   0.000  0.000  0.000  0.000
FOXO3      0.000  0.000  0.000  0.000  0.288   0.000  0.035  0.000  0.000
PIK3CD     0.000  0.000  0.000  0.000  0.000   0.277  0.000  0.000  0.000
RHEB       0.000  0.000  0.000  0.000  0.035   0.000  0.097  0.000  0.000
TSC1       0.000  0.000  0.000  0.000  0.000   0.000  0.000  0.217  0.000
TSC2       0.000  0.000  0.000  0.000  0.000   0.000  0.000  0.000  0.083
Theta
Shape: (9, 9)
         HSP90B1  KRAS  YWHAE  AKT1  FOXO3  PIK3CD  RHEB  TSC1  TSC2
HSP90B1      0.0   0.0    0.0   0.0    0.0     0.0   0.0   0.0   0.0
KRAS         0.0   0.0    0.0   0.0    0.0     0.0   0.0   0.0   0.0
YWHAE        0.0   0.0    0.0   0.0    0.0     0.0   0.0   0.0   0.0
AKT1         0.0   0.0    0.0   0.0    0.0     0.0   0.0   0.0   0.0
FOXO3        0.0   0.0    0.0   0.0    0.0     0.0   0.0   0.0   0.0
PIK3CD       0.0   0.0    0.0   0.0    0.0     0.0   0.0   0.0   0.0
RHEB         0.0   0.0    0.0   0.0    0.0     0.0   0.0   0.0   0.0
TSC1         0.0   0.0    0.0   0.0    0.0     0.0   0.0   0.0   0.0
TSC2         0.0   0.0    0.0   0.0    0.0     0.0   0.0   0.0   0.0
Empirical covariance matrix:
Shape: (9, 9)
         HSP90B1   KRAS  YWHAE   AKT1  FOXO3  PIK3CD   RHEB   TSC1   TSC2
HSP90B1    0.239  0.016  0.020  0.021  0.034   0.039  0.048  0.029  0.028
KRAS       0.016  0.090  0.011  0.011  0.074  -0.020  0.008 -0.005  0.000
YWHAE      0.020  0.011  0.289  0.019 -0.053  -0.104 -0.018 -0.117  0.014
AKT1       0.021  0.011  0.019  0.152  0.035   0.072  0.009  0.082  0.081
FOXO3      0.034  0.074 -0.053  0.035  0.199  -0.002  0.027  0.055  0.040
PIK3CD     0.039 -0.020 -0.104  0.072 -0.002   0.191  0.038  0.110  0.017
RHEB       0.048  0.008 -0.018  0.009  0.027   0.038  0.061  0.015 -0.007
TSC1       0.029 -0.005 -0.117  0.082  0.055   0.110  0.015  0.154  0.058
TSC2       0.028  0.000  0.014  0.081  0.040   0.017 -0.007  0.058  0.085
Model-implied covariance matrix:
Shape: (9, 9)
         HSP90B1   KRAS  YWHAE   AKT1  FOXO3  PIK3CD   RHEB   TSC1   TSC2
HSP90B1    0.772  0.177 -0.189  0.033  0.038  -0.043 -0.001  0.015  0.015
KRAS       0.177  0.431 -0.544 -0.024  0.087  -0.104  0.001 -0.011 -0.011
YWHAE     -0.189 -0.544  1.522  0.032 -0.251   0.131 -0.001  0.015  0.015
AKT1       0.033 -0.024  0.032  0.238  0.041   0.099 -0.007  0.111  0.111
FOXO3      0.038  0.087 -0.251  0.041  0.338  -0.003  0.034  0.019  0.019
PIK3CD    -0.043 -0.104  0.131  0.099 -0.003   0.302 -0.003  0.046  0.046
RHEB      -0.001  0.001 -0.001 -0.007  0.034  -0.003  0.106  0.028 -0.021
TSC1       0.015 -0.011  0.015  0.111  0.019   0.046  0.028  0.269  0.051
TSC2       0.015 -0.011  0.015  0.111  0.019   0.046 -0.021  0.051  0.134
Euclidian difference between them: 1.73738009386
