All variables: ['HSP90B1', 'KRAS', 'YWHAE', 'AKT1', 'FOXO3', 'PIK3CD', 'RHEB', 'TSC1', 'TSC2']
Observable variables: ['AKT1', 'FOXO3', 'PIK3CD', 'RHEB', 'TSC1', 'TSC2', 'HSP90B1', 'KRAS', 'YWHAE']
Structural part: ['HSP90B1', 'KRAS', 'YWHAE', 'AKT1', 'FOXO3', 'PIK3CD', 'RHEB', 'TSC1', 'TSC2']
Measurement part: ['HSP90B1', 'KRAS', 'YWHAE', 'AKT1', 'FOXO3', 'PIK3CD', 'RHEB', 'TSC1', 'TSC2']
Latent varaibles: []
Endogenous variables: ['AKT1', 'FOXO3', 'PIK3CD', 'RHEB', 'TSC1', 'TSC2']
Exogenous variables: ['HSP90B1', 'KRAS', 'YWHAE']
Beta
Shape: (9, 9)
         HSP90B1   KRAS  YWHAE   AKT1  FOXO3  PIK3CD  RHEB   TSC1   TSC2
HSP90B1    0.000  0.000  0.000  0.000    0.0   0.000   0.0  0.000  0.000
KRAS       0.000  0.000  0.000  0.000    0.0   0.000   0.0  0.000  0.000
YWHAE      0.000  0.000  0.000  0.000    0.0   0.000   0.0  0.000  0.000
AKT1      -0.295  0.000  0.000  0.000    0.0   0.502   0.0  0.000  0.000
FOXO3      0.000  0.000  0.245 -0.386    0.0   0.000   0.0  0.000  0.000
PIK3CD     0.000 -0.291  0.000  0.000    0.0   0.000   0.0  0.000  0.000
RHEB       0.000  0.000  0.000  0.000    0.0   0.000   0.0 -0.242  0.119
TSC1       0.000  0.000  0.000  0.112    0.0   0.000   0.0  0.000  0.000
TSC2       0.000  0.000  0.000  0.530    0.0   0.000   0.0  0.000  0.000
Lambda
Shape: (9, 9)
         HSP90B1  KRAS  YWHAE  AKT1  FOXO3  PIK3CD  RHEB  TSC1  TSC2
HSP90B1      1.0   0.0    0.0   0.0    0.0     0.0   0.0   0.0   0.0
KRAS         0.0   1.0    0.0   0.0    0.0     0.0   0.0   0.0   0.0
YWHAE        0.0   0.0    1.0   0.0    0.0     0.0   0.0   0.0   0.0
AKT1         0.0   0.0    0.0   1.0    0.0     0.0   0.0   0.0   0.0
FOXO3        0.0   0.0    0.0   0.0    1.0     0.0   0.0   0.0   0.0
PIK3CD       0.0   0.0    0.0   0.0    0.0     1.0   0.0   0.0   0.0
RHEB         0.0   0.0    0.0   0.0    0.0     0.0   1.0   0.0   0.0
TSC1         0.0   0.0    0.0   0.0    0.0     0.0   0.0   1.0   0.0
TSC2         0.0   0.0    0.0   0.0    0.0     0.0   0.0   0.0   1.0
Psi
Shape: (9, 9)
         HSP90B1   KRAS  YWHAE   AKT1  FOXO3  PIK3CD   RHEB   TSC1   TSC2
HSP90B1    0.680 -0.097  0.730  0.000  0.000    0.00  0.000  0.000  0.000
KRAS      -0.097  0.156 -0.145  0.000  0.000    0.00  0.000  0.000  0.000
YWHAE      0.730 -0.145  1.230  0.000  0.000    0.00  0.000  0.000  0.000
AKT1       0.000  0.000  0.000  0.208  0.000    0.00  0.000  0.000  0.000
FOXO3      0.000  0.000  0.000  0.000  0.285    0.00  0.034  0.000  0.000
PIK3CD     0.000  0.000  0.000  0.000  0.000    0.28  0.000  0.000  0.000
RHEB       0.000  0.000  0.000  0.000  0.034    0.00  0.098  0.000  0.000
TSC1       0.000  0.000  0.000  0.000  0.000    0.00  0.000  0.211  0.000
TSC2       0.000  0.000  0.000  0.000  0.000    0.00  0.000  0.000  0.082
Theta
Shape: (9, 9)
         HSP90B1  KRAS  YWHAE  AKT1  FOXO3  PIK3CD  RHEB  TSC1  TSC2
HSP90B1      0.0   0.0    0.0   0.0    0.0     0.0   0.0   0.0   0.0
KRAS         0.0   0.0    0.0   0.0    0.0     0.0   0.0   0.0   0.0
YWHAE        0.0   0.0    0.0   0.0    0.0     0.0   0.0   0.0   0.0
AKT1         0.0   0.0    0.0   0.0    0.0     0.0   0.0   0.0   0.0
FOXO3        0.0   0.0    0.0   0.0    0.0     0.0   0.0   0.0   0.0
PIK3CD       0.0   0.0    0.0   0.0    0.0     0.0   0.0   0.0   0.0
RHEB         0.0   0.0    0.0   0.0    0.0     0.0   0.0   0.0   0.0
TSC1         0.0   0.0    0.0   0.0    0.0     0.0   0.0   0.0   0.0
TSC2         0.0   0.0    0.0   0.0    0.0     0.0   0.0   0.0   0.0
Empirical covariance matrix:
Shape: (9, 9)
         HSP90B1   KRAS  YWHAE   AKT1  FOXO3  PIK3CD   RHEB   TSC1   TSC2
HSP90B1    0.772  0.177 -0.189 -0.461  0.438  -0.458  0.079 -0.144 -0.342
KRAS       0.177  0.431 -0.544 -0.215  0.118  -0.129 -0.153  0.108 -0.137
YWHAE     -0.189 -0.544  1.522  0.521  0.211   0.100  0.258 -0.339  0.246
AKT1      -0.461 -0.215  0.521  0.633 -0.144   0.379  0.080  0.080  0.335
FOXO3      0.438  0.118  0.211 -0.144  0.790  -0.338  0.083 -0.168 -0.168
PIK3CD    -0.458 -0.129  0.100  0.379 -0.338   0.460 -0.022  0.131  0.235
RHEB       0.079 -0.153  0.258  0.080  0.083  -0.022  0.139 -0.062  0.011
TSC1      -0.144  0.108 -0.339  0.080 -0.168   0.131 -0.062  0.285  0.089
TSC2      -0.342 -0.137  0.246  0.335 -0.168   0.235  0.011  0.089  0.259
Model-implied covariance matrix:
Shape: (9, 9)
         HSP90B1   KRAS  YWHAE   AKT1  FOXO3  PIK3CD   RHEB   TSC1   TSC2
HSP90B1    0.680 -0.097  0.730 -0.187  0.251   0.028 -0.007 -0.021 -0.099
KRAS      -0.097  0.156 -0.145  0.006 -0.038  -0.045  0.000  0.001  0.003
YWHAE      0.730 -0.145  1.230 -0.194  0.377   0.042 -0.007 -0.022 -0.103
AKT1      -0.187  0.006 -0.194  0.333 -0.176   0.139  0.012  0.037  0.177
FOXO3      0.251 -0.038  0.377 -0.176  0.446  -0.043  0.028 -0.020 -0.093
PIK3CD     0.028 -0.045  0.042  0.139 -0.043   0.293  0.005  0.015  0.074
RHEB      -0.007  0.000 -0.007  0.012  0.028   0.005  0.112 -0.050  0.016
TSC1      -0.021  0.001 -0.022  0.037 -0.020   0.015 -0.050  0.215  0.020
TSC2      -0.099  0.003 -0.103  0.177 -0.093   0.074  0.016  0.020  0.176
Euclidian difference between them: 2.42395419196
