All variables: ['HSP90B1', 'KRAS', 'YWHAE', 'AKT1', 'FOXO3', 'PIK3CD', 'RHEB', 'TSC1', 'TSC2']
Observable variables: ['AKT1', 'FOXO3', 'PIK3CD', 'RHEB', 'TSC1', 'TSC2', 'HSP90B1', 'KRAS', 'YWHAE']
Structural part: ['HSP90B1', 'KRAS', 'YWHAE', 'AKT1', 'FOXO3', 'PIK3CD', 'RHEB', 'TSC1', 'TSC2']
Measurement part: ['HSP90B1', 'KRAS', 'YWHAE', 'AKT1', 'FOXO3', 'PIK3CD', 'RHEB', 'TSC1', 'TSC2']
Latent varaibles: []
Endogenous variables: ['AKT1', 'FOXO3', 'PIK3CD', 'RHEB', 'TSC1', 'TSC2']
Exogenous variables: ['HSP90B1', 'KRAS', 'YWHAE']
Beta
Shape: (9, 9)
         HSP90B1   KRAS  YWHAE   AKT1  FOXO3  PIK3CD  RHEB  TSC1   TSC2
HSP90B1    0.000  0.000  0.000  0.000    0.0   0.000   0.0  0.00  0.000
KRAS       0.000  0.000  0.000  0.000    0.0   0.000   0.0  0.00  0.000
YWHAE      0.000  0.000  0.000  0.000    0.0   0.000   0.0  0.00  0.000
AKT1       0.247  0.000  0.000  0.000    0.0   0.147   0.0  0.00  0.000
FOXO3      0.000  0.000 -0.196 -0.123    0.0   0.000   0.0  0.00  0.000
PIK3CD     0.000  0.026  0.000  0.000    0.0   0.000   0.0  0.00  0.000
RHEB       0.000  0.000  0.000  0.000    0.0   0.000   0.0 -0.35  0.091
TSC1       0.000  0.000  0.000 -0.097    0.0   0.000   0.0  0.00  0.000
TSC2       0.000  0.000  0.000  0.153    0.0   0.000   0.0  0.00  0.000
Lambda
Shape: (9, 9)
         HSP90B1  KRAS  YWHAE  AKT1  FOXO3  PIK3CD  RHEB  TSC1  TSC2
HSP90B1      1.0   0.0    0.0   0.0    0.0     0.0   0.0   0.0   0.0
KRAS         0.0   1.0    0.0   0.0    0.0     0.0   0.0   0.0   0.0
YWHAE        0.0   0.0    1.0   0.0    0.0     0.0   0.0   0.0   0.0
AKT1         0.0   0.0    0.0   1.0    0.0     0.0   0.0   0.0   0.0
FOXO3        0.0   0.0    0.0   0.0    1.0     0.0   0.0   0.0   0.0
PIK3CD       0.0   0.0    0.0   0.0    0.0     1.0   0.0   0.0   0.0
RHEB         0.0   0.0    0.0   0.0    0.0     0.0   1.0   0.0   0.0
TSC1         0.0   0.0    0.0   0.0    0.0     0.0   0.0   1.0   0.0
TSC2         0.0   0.0    0.0   0.0    0.0     0.0   0.0   0.0   1.0
Psi
Shape: (9, 9)
         HSP90B1   KRAS  YWHAE   AKT1  FOXO3  PIK3CD   RHEB   TSC1   TSC2
HSP90B1    0.680 -0.097  0.730  0.000  0.000    0.00  0.000  0.000  0.000
KRAS      -0.097  0.156 -0.145  0.000  0.000    0.00  0.000  0.000  0.000
YWHAE      0.730 -0.145  1.230  0.000  0.000    0.00  0.000  0.000  0.000
AKT1       0.000  0.000  0.000  0.208  0.000    0.00  0.000  0.000  0.000
FOXO3      0.000  0.000  0.000  0.000  0.285    0.00  0.034  0.000  0.000
PIK3CD     0.000  0.000  0.000  0.000  0.000    0.28  0.000  0.000  0.000
RHEB       0.000  0.000  0.000  0.000  0.034    0.00  0.098  0.000  0.000
TSC1       0.000  0.000  0.000  0.000  0.000    0.00  0.000  0.211  0.000
TSC2       0.000  0.000  0.000  0.000  0.000    0.00  0.000  0.000  0.082
Theta
Shape: (9, 9)
         HSP90B1  KRAS  YWHAE  AKT1  FOXO3  PIK3CD  RHEB  TSC1  TSC2
HSP90B1      0.0   0.0    0.0   0.0    0.0     0.0   0.0   0.0   0.0
KRAS         0.0   0.0    0.0   0.0    0.0     0.0   0.0   0.0   0.0
YWHAE        0.0   0.0    0.0   0.0    0.0     0.0   0.0   0.0   0.0
AKT1         0.0   0.0    0.0   0.0    0.0     0.0   0.0   0.0   0.0
FOXO3        0.0   0.0    0.0   0.0    0.0     0.0   0.0   0.0   0.0
PIK3CD       0.0   0.0    0.0   0.0    0.0     0.0   0.0   0.0   0.0
RHEB         0.0   0.0    0.0   0.0    0.0     0.0   0.0   0.0   0.0
TSC1         0.0   0.0    0.0   0.0    0.0     0.0   0.0   0.0   0.0
TSC2         0.0   0.0    0.0   0.0    0.0     0.0   0.0   0.0   0.0
Empirical covariance matrix:
Shape: (9, 9)
         HSP90B1   KRAS  YWHAE   AKT1  FOXO3  PIK3CD   RHEB   TSC1   TSC2
HSP90B1    0.683 -0.103  0.743  0.160 -0.187  -0.015  0.013 -0.020  0.015
KRAS      -0.103  0.165 -0.146 -0.021  0.027   0.003  0.007 -0.010 -0.007
YWHAE      0.743 -0.146  1.255  0.188 -0.303  -0.017  0.019 -0.029  0.022
AKT1       0.160 -0.021  0.188  0.254 -0.075   0.041  0.021 -0.045  0.040
FOXO3     -0.187  0.027 -0.303 -0.075  0.375  -0.001  0.026  0.013 -0.011
PIK3CD    -0.015  0.003 -0.017  0.041 -0.001   0.289  0.011 -0.012  0.021
RHEB       0.013  0.007  0.019  0.021  0.026   0.011  0.111 -0.058  0.016
TSC1      -0.020 -0.010 -0.029 -0.045  0.013  -0.012 -0.058  0.215 -0.014
TSC2       0.015 -0.007  0.022  0.040 -0.011   0.021  0.016 -0.014  0.095
Model-implied covariance matrix:
Shape: (9, 9)
         HSP90B1   KRAS  YWHAE   AKT1  FOXO3  PIK3CD   RHEB   TSC1   TSC2
HSP90B1    0.680 -0.097  0.730  0.167 -0.163  -0.003  0.008 -0.016  0.026
KRAS      -0.097  0.156 -0.145 -0.023  0.031   0.004 -0.001  0.002 -0.004
YWHAE      0.730 -0.145  1.230  0.179 -0.263  -0.004  0.009 -0.017  0.028
AKT1       0.167 -0.023  0.179  0.256 -0.067   0.041  0.012 -0.025  0.039
FOXO3     -0.163  0.031 -0.263 -0.067  0.345  -0.004  0.031  0.006 -0.010
PIK3CD    -0.003  0.004 -0.004  0.041 -0.004   0.280  0.002 -0.004  0.006
RHEB       0.008 -0.001  0.009  0.012  0.031   0.002  0.125 -0.075  0.009
TSC1      -0.016  0.002 -0.017 -0.025  0.006  -0.004 -0.075  0.213 -0.004
TSC2       0.026 -0.004  0.028  0.039 -0.010   0.006  0.009 -0.004  0.088
Euclidian difference between them: 0.109144876703
