All variables: ['HSP90B1', 'KRAS', 'YWHAE', 'AKT1', 'FOXO3', 'PIK3CD', 'RHEB', 'TSC1', 'TSC2']
Observable variables: ['AKT1', 'FOXO3', 'PIK3CD', 'RHEB', 'TSC1', 'TSC2', 'HSP90B1', 'KRAS', 'YWHAE']
Structural part: ['HSP90B1', 'KRAS', 'YWHAE', 'AKT1', 'FOXO3', 'PIK3CD', 'RHEB', 'TSC1', 'TSC2']
Measurement part: ['HSP90B1', 'KRAS', 'YWHAE', 'AKT1', 'FOXO3', 'PIK3CD', 'RHEB', 'TSC1', 'TSC2']
Latent varaibles: []
Endogenous variables: ['AKT1', 'FOXO3', 'PIK3CD', 'RHEB', 'TSC1', 'TSC2']
Exogenous variables: ['HSP90B1', 'KRAS', 'YWHAE']
Beta
Shape: (9, 9)
         HSP90B1   KRAS  YWHAE   AKT1  FOXO3  PIK3CD  RHEB   TSC1   TSC2
HSP90B1    0.000  0.000  0.000  0.000    0.0   0.000   0.0  0.000  0.000
KRAS       0.000  0.000  0.000  0.000    0.0   0.000   0.0  0.000  0.000
YWHAE      0.000  0.000  0.000  0.000    0.0   0.000   0.0  0.000  0.000
AKT1      -0.264  0.000  0.000  0.000    0.0   0.543   0.0  0.000  0.000
FOXO3      0.000  0.000  0.261 -0.450    0.0   0.000   0.0  0.000  0.000
PIK3CD     0.000 -0.293  0.000  0.000    0.0   0.000   0.0  0.000  0.000
RHEB       0.000  0.000  0.000  0.000    0.0   0.000   0.0 -0.261  0.178
TSC1       0.000  0.000  0.000  0.119    0.0   0.000   0.0  0.000  0.000
TSC2       0.000  0.000  0.000  0.515    0.0   0.000   0.0  0.000  0.000
Lambda
Shape: (9, 9)
         HSP90B1  KRAS  YWHAE  AKT1  FOXO3  PIK3CD  RHEB  TSC1  TSC2
HSP90B1      1.0   0.0    0.0   0.0    0.0     0.0   0.0   0.0   0.0
KRAS         0.0   1.0    0.0   0.0    0.0     0.0   0.0   0.0   0.0
YWHAE        0.0   0.0    1.0   0.0    0.0     0.0   0.0   0.0   0.0
AKT1         0.0   0.0    0.0   1.0    0.0     0.0   0.0   0.0   0.0
FOXO3        0.0   0.0    0.0   0.0    1.0     0.0   0.0   0.0   0.0
PIK3CD       0.0   0.0    0.0   0.0    0.0     1.0   0.0   0.0   0.0
RHEB         0.0   0.0    0.0   0.0    0.0     0.0   1.0   0.0   0.0
TSC1         0.0   0.0    0.0   0.0    0.0     0.0   0.0   1.0   0.0
TSC2         0.0   0.0    0.0   0.0    0.0     0.0   0.0   0.0   1.0
Psi
Shape: (9, 9)
         HSP90B1   KRAS  YWHAE   AKT1  FOXO3  PIK3CD   RHEB   TSC1   TSC2
HSP90B1    0.772  0.177 -0.189  0.000  0.000   0.000  0.000  0.000  0.000
KRAS       0.177  0.431 -0.544  0.000  0.000   0.000  0.000  0.000  0.000
YWHAE     -0.189 -0.544  1.522  0.000  0.000   0.000  0.000  0.000  0.000
AKT1       0.000  0.000  0.000  0.203  0.000   0.000  0.000  0.000  0.000
FOXO3      0.000  0.000  0.000  0.000  0.288   0.000  0.035  0.000  0.000
PIK3CD     0.000  0.000  0.000  0.000  0.000   0.277  0.000  0.000  0.000
RHEB       0.000  0.000  0.000  0.000  0.035   0.000  0.097  0.000  0.000
TSC1       0.000  0.000  0.000  0.000  0.000   0.000  0.000  0.217  0.000
TSC2       0.000  0.000  0.000  0.000  0.000   0.000  0.000  0.000  0.083
Theta
Shape: (9, 9)
         HSP90B1  KRAS  YWHAE  AKT1  FOXO3  PIK3CD  RHEB  TSC1  TSC2
HSP90B1      0.0   0.0    0.0   0.0    0.0     0.0   0.0   0.0   0.0
KRAS         0.0   0.0    0.0   0.0    0.0     0.0   0.0   0.0   0.0
YWHAE        0.0   0.0    0.0   0.0    0.0     0.0   0.0   0.0   0.0
AKT1         0.0   0.0    0.0   0.0    0.0     0.0   0.0   0.0   0.0
FOXO3        0.0   0.0    0.0   0.0    0.0     0.0   0.0   0.0   0.0
PIK3CD       0.0   0.0    0.0   0.0    0.0     0.0   0.0   0.0   0.0
RHEB         0.0   0.0    0.0   0.0    0.0     0.0   0.0   0.0   0.0
TSC1         0.0   0.0    0.0   0.0    0.0     0.0   0.0   0.0   0.0
TSC2         0.0   0.0    0.0   0.0    0.0     0.0   0.0   0.0   0.0
Empirical covariance matrix:
Shape: (9, 9)
         HSP90B1   KRAS  YWHAE   AKT1  FOXO3  PIK3CD   RHEB   TSC1   TSC2
HSP90B1    0.772  0.177 -0.189 -0.461  0.438  -0.458  0.079 -0.144 -0.342
KRAS       0.177  0.431 -0.544 -0.215  0.118  -0.129 -0.153  0.108 -0.137
YWHAE     -0.189 -0.544  1.522  0.521  0.211   0.100  0.258 -0.339  0.246
AKT1      -0.461 -0.215  0.521  0.633 -0.144   0.379  0.080  0.080  0.335
FOXO3      0.438  0.118  0.211 -0.144  0.790  -0.338  0.083 -0.168 -0.168
PIK3CD    -0.458 -0.129  0.100  0.379 -0.338   0.460 -0.022  0.131  0.235
RHEB       0.079 -0.153  0.258  0.080  0.083  -0.022  0.139 -0.062  0.011
TSC1      -0.144  0.108 -0.339  0.080 -0.168   0.131 -0.062  0.285  0.089
TSC2      -0.342 -0.137  0.246  0.335 -0.168   0.235  0.011  0.089  0.259
Model-implied covariance matrix:
Shape: (9, 9)
         HSP90B1   KRAS  YWHAE   AKT1  FOXO3  PIK3CD   RHEB   TSC1   TSC2
HSP90B1    0.772  0.177 -0.189 -0.232  0.055  -0.052 -0.014 -0.028 -0.119
KRAS       0.177  0.431 -0.544 -0.115 -0.090  -0.126 -0.007 -0.014 -0.059
YWHAE     -0.189 -0.544  1.522  0.136  0.335   0.159  0.008  0.016  0.070
AKT1      -0.232 -0.115  0.136  0.365 -0.129   0.184  0.022  0.043  0.188
FOXO3      0.055 -0.090  0.335 -0.129  0.433  -0.041  0.028 -0.015 -0.066
PIK3CD    -0.052 -0.126  0.159  0.184 -0.041   0.314  0.011  0.022  0.095
RHEB      -0.014 -0.007  0.008  0.022  0.028   0.011  0.116 -0.054  0.026
TSC1      -0.028 -0.014  0.016  0.043 -0.015   0.022 -0.054  0.222  0.022
TSC2      -0.119 -0.059  0.070  0.188 -0.066   0.095  0.026  0.022  0.179
Euclidian difference between them: 1.58689235017
