All variables: ['HSP90B1', 'KRAS', 'YWHAE', 'AKT1', 'FOXO3', 'PIK3CD', 'RHEB', 'TSC1', 'TSC2']
Observable variables: ['AKT1', 'FOXO3', 'PIK3CD', 'RHEB', 'TSC1', 'TSC2', 'HSP90B1', 'KRAS', 'YWHAE']
Structural part: ['HSP90B1', 'KRAS', 'YWHAE', 'AKT1', 'FOXO3', 'PIK3CD', 'RHEB', 'TSC1', 'TSC2']
Measurement part: ['HSP90B1', 'KRAS', 'YWHAE', 'AKT1', 'FOXO3', 'PIK3CD', 'RHEB', 'TSC1', 'TSC2']
Latent varaibles: []
Endogenous variables: ['AKT1', 'FOXO3', 'PIK3CD', 'RHEB', 'TSC1', 'TSC2']
Exogenous variables: ['HSP90B1', 'KRAS', 'YWHAE']
Beta
Shape: (9, 9)
         HSP90B1   KRAS  YWHAE   AKT1  FOXO3  PIK3CD  RHEB   TSC1   TSC2
HSP90B1    0.000  0.000  0.000  0.000    0.0   0.000   0.0  0.000  0.000
KRAS       0.000  0.000  0.000  0.000    0.0   0.000   0.0  0.000  0.000
YWHAE      0.000  0.000  0.000  0.000    0.0   0.000   0.0  0.000  0.000
AKT1      -0.131  0.000  0.000  0.000    0.0   1.257   0.0  0.000  0.000
FOXO3      0.000  0.000 -0.136  0.282    0.0   0.000   0.0  0.000  0.000
PIK3CD     0.000 -0.506  0.000  0.000    0.0   0.000   0.0  0.000  0.000
RHEB       0.000  0.000  0.000  0.000    0.0   0.000   0.0 -0.268  0.134
TSC1       0.000  0.000  0.000 -0.425    0.0   0.000   0.0  0.000  0.000
TSC2       0.000  0.000  0.000  0.177    0.0   0.000   0.0  0.000  0.000
Lambda
Shape: (9, 9)
         HSP90B1  KRAS  YWHAE  AKT1  FOXO3  PIK3CD  RHEB  TSC1  TSC2
HSP90B1      1.0   0.0    0.0   0.0    0.0     0.0   0.0   0.0   0.0
KRAS         0.0   1.0    0.0   0.0    0.0     0.0   0.0   0.0   0.0
YWHAE        0.0   0.0    1.0   0.0    0.0     0.0   0.0   0.0   0.0
AKT1         0.0   0.0    0.0   1.0    0.0     0.0   0.0   0.0   0.0
FOXO3        0.0   0.0    0.0   0.0    1.0     0.0   0.0   0.0   0.0
PIK3CD       0.0   0.0    0.0   0.0    0.0     1.0   0.0   0.0   0.0
RHEB         0.0   0.0    0.0   0.0    0.0     0.0   1.0   0.0   0.0
TSC1         0.0   0.0    0.0   0.0    0.0     0.0   0.0   1.0   0.0
TSC2         0.0   0.0    0.0   0.0    0.0     0.0   0.0   0.0   1.0
Psi
Shape: (9, 9)
         HSP90B1   KRAS  YWHAE   AKT1  FOXO3  PIK3CD   RHEB   TSC1   TSC2
HSP90B1    0.680 -0.097  0.730  0.000  0.000    0.00  0.000  0.000  0.000
KRAS      -0.097  0.156 -0.145  0.000  0.000    0.00  0.000  0.000  0.000
YWHAE      0.730 -0.145  1.230  0.000  0.000    0.00  0.000  0.000  0.000
AKT1       0.000  0.000  0.000  0.208  0.000    0.00  0.000  0.000  0.000
FOXO3      0.000  0.000  0.000  0.000  0.285    0.00  0.034  0.000  0.000
PIK3CD     0.000  0.000  0.000  0.000  0.000    0.28  0.000  0.000  0.000
RHEB       0.000  0.000  0.000  0.000  0.034    0.00  0.098  0.000  0.000
TSC1       0.000  0.000  0.000  0.000  0.000    0.00  0.000  0.211  0.000
TSC2       0.000  0.000  0.000  0.000  0.000    0.00  0.000  0.000  0.082
Theta
Shape: (9, 9)
         HSP90B1  KRAS  YWHAE  AKT1  FOXO3  PIK3CD  RHEB  TSC1  TSC2
HSP90B1      0.0   0.0    0.0   0.0    0.0     0.0   0.0   0.0   0.0
KRAS         0.0   0.0    0.0   0.0    0.0     0.0   0.0   0.0   0.0
YWHAE        0.0   0.0    0.0   0.0    0.0     0.0   0.0   0.0   0.0
AKT1         0.0   0.0    0.0   0.0    0.0     0.0   0.0   0.0   0.0
FOXO3        0.0   0.0    0.0   0.0    0.0     0.0   0.0   0.0   0.0
PIK3CD       0.0   0.0    0.0   0.0    0.0     0.0   0.0   0.0   0.0
RHEB         0.0   0.0    0.0   0.0    0.0     0.0   0.0   0.0   0.0
TSC1         0.0   0.0    0.0   0.0    0.0     0.0   0.0   0.0   0.0
TSC2         0.0   0.0    0.0   0.0    0.0     0.0   0.0   0.0   0.0
Empirical covariance matrix:
Shape: (9, 9)
         HSP90B1   KRAS  YWHAE   AKT1  FOXO3  PIK3CD   RHEB   TSC1   TSC2
HSP90B1    0.203 -0.064  0.038 -0.059  0.016  -0.019 -0.007  0.019 -0.022
KRAS      -0.064  0.362 -0.035 -0.213 -0.198  -0.196 -0.121  0.144 -0.040
YWHAE      0.038 -0.035  0.114  0.126  0.014   0.071 -0.001 -0.036  0.027
AKT1      -0.059 -0.213  0.126  0.757  0.216   0.398  0.108 -0.289  0.130
FOXO3      0.016 -0.198  0.014  0.216  0.203   0.178  0.085 -0.104  0.053
PIK3CD    -0.019 -0.196  0.071  0.398  0.178   0.290  0.093 -0.153  0.083
RHEB      -0.007 -0.121 -0.001  0.108  0.085   0.093  0.063 -0.064  0.023
TSC1       0.019  0.144 -0.036 -0.289 -0.104  -0.153 -0.064  0.198 -0.035
TSC2      -0.022 -0.040  0.027  0.130  0.053   0.083  0.023 -0.035  0.045
Model-implied covariance matrix:
Shape: (9, 9)
         HSP90B1   KRAS  YWHAE   AKT1  FOXO3  PIK3CD   RHEB   TSC1   TSC2
HSP90B1    0.680 -0.097  0.730 -0.027 -0.107   0.049 -0.004  0.012 -0.005
KRAS      -0.097  0.156 -0.145 -0.086 -0.005  -0.079 -0.012  0.037 -0.015
YWHAE      0.730 -0.145  1.230 -0.003 -0.168   0.073 -0.000  0.001 -0.001
AKT1      -0.027 -0.086 -0.003  0.710  0.201   0.396  0.098 -0.302  0.126
FOXO3     -0.107 -0.005 -0.168  0.201  0.365   0.102  0.062 -0.085  0.036
PIK3CD     0.049 -0.079  0.073  0.396  0.102   0.320  0.055 -0.168  0.070
RHEB      -0.004 -0.012 -0.000  0.098  0.062   0.055  0.128 -0.098  0.028
TSC1       0.012  0.037  0.001 -0.302 -0.085  -0.168 -0.098  0.339 -0.053
TSC2      -0.005 -0.015 -0.001  0.126  0.036   0.070  0.028 -0.053  0.105
Euclidian difference between them: 1.70470013419
