All variables: ['HSP90B1', 'KRAS', 'YWHAE', 'AKT1', 'FOXO3', 'PIK3CD', 'RHEB', 'TSC1', 'TSC2']
Observable variables: ['AKT1', 'FOXO3', 'PIK3CD', 'RHEB', 'TSC1', 'TSC2', 'HSP90B1', 'KRAS', 'YWHAE']
Structural part: ['HSP90B1', 'KRAS', 'YWHAE', 'AKT1', 'FOXO3', 'PIK3CD', 'RHEB', 'TSC1', 'TSC2']
Measurement part: ['HSP90B1', 'KRAS', 'YWHAE', 'AKT1', 'FOXO3', 'PIK3CD', 'RHEB', 'TSC1', 'TSC2']
Latent varaibles: []
Endogenous variables: ['AKT1', 'FOXO3', 'PIK3CD', 'RHEB', 'TSC1', 'TSC2']
Exogenous variables: ['HSP90B1', 'KRAS', 'YWHAE']
Beta
Shape: (9, 9)
         HSP90B1   KRAS  YWHAE   AKT1  FOXO3  PIK3CD  RHEB   TSC1  TSC2
HSP90B1    0.000  0.000  0.000  0.000    0.0   0.000   0.0  0.000  0.00
KRAS       0.000  0.000  0.000  0.000    0.0   0.000   0.0  0.000  0.00
YWHAE      0.000  0.000  0.000  0.000    0.0   0.000   0.0  0.000  0.00
AKT1       0.036  0.000  0.000  0.000    0.0   0.325   0.0  0.000  0.00
FOXO3      0.000  0.000 -0.398 -0.064    0.0   0.000   0.0  0.000  0.00
PIK3CD     0.000 -0.139  0.000  0.000    0.0   0.000   0.0  0.000  0.00
RHEB       0.000  0.000  0.000  0.000    0.0   0.000   0.0 -0.181 -0.23
TSC1       0.000  0.000  0.000 -0.233    0.0   0.000   0.0  0.000  0.00
TSC2       0.000  0.000  0.000  0.005    0.0   0.000   0.0  0.000  0.00
Lambda
Shape: (9, 9)
         HSP90B1  KRAS  YWHAE  AKT1  FOXO3  PIK3CD  RHEB  TSC1  TSC2
HSP90B1      1.0   0.0    0.0   0.0    0.0     0.0   0.0   0.0   0.0
KRAS         0.0   1.0    0.0   0.0    0.0     0.0   0.0   0.0   0.0
YWHAE        0.0   0.0    1.0   0.0    0.0     0.0   0.0   0.0   0.0
AKT1         0.0   0.0    0.0   1.0    0.0     0.0   0.0   0.0   0.0
FOXO3        0.0   0.0    0.0   0.0    1.0     0.0   0.0   0.0   0.0
PIK3CD       0.0   0.0    0.0   0.0    0.0     1.0   0.0   0.0   0.0
RHEB         0.0   0.0    0.0   0.0    0.0     0.0   1.0   0.0   0.0
TSC1         0.0   0.0    0.0   0.0    0.0     0.0   0.0   1.0   0.0
TSC2         0.0   0.0    0.0   0.0    0.0     0.0   0.0   0.0   1.0
Psi
Shape: (9, 9)
         HSP90B1   KRAS  YWHAE   AKT1  FOXO3  PIK3CD   RHEB   TSC1   TSC2
HSP90B1    0.772  0.177 -0.189  0.000  0.000   0.000  0.000  0.000  0.000
KRAS       0.177  0.431 -0.544  0.000  0.000   0.000  0.000  0.000  0.000
YWHAE     -0.189 -0.544  1.522  0.000  0.000   0.000  0.000  0.000  0.000
AKT1       0.000  0.000  0.000  0.203  0.000   0.000  0.000  0.000  0.000
FOXO3      0.000  0.000  0.000  0.000  0.288   0.000  0.035  0.000  0.000
PIK3CD     0.000  0.000  0.000  0.000  0.000   0.277  0.000  0.000  0.000
RHEB       0.000  0.000  0.000  0.000  0.035   0.000  0.097  0.000  0.000
TSC1       0.000  0.000  0.000  0.000  0.000   0.000  0.000  0.217  0.000
TSC2       0.000  0.000  0.000  0.000  0.000   0.000  0.000  0.000  0.083
Theta
Shape: (9, 9)
         HSP90B1  KRAS  YWHAE  AKT1  FOXO3  PIK3CD  RHEB  TSC1  TSC2
HSP90B1      0.0   0.0    0.0   0.0    0.0     0.0   0.0   0.0   0.0
KRAS         0.0   0.0    0.0   0.0    0.0     0.0   0.0   0.0   0.0
YWHAE        0.0   0.0    0.0   0.0    0.0     0.0   0.0   0.0   0.0
AKT1         0.0   0.0    0.0   0.0    0.0     0.0   0.0   0.0   0.0
FOXO3        0.0   0.0    0.0   0.0    0.0     0.0   0.0   0.0   0.0
PIK3CD       0.0   0.0    0.0   0.0    0.0     0.0   0.0   0.0   0.0
RHEB         0.0   0.0    0.0   0.0    0.0     0.0   0.0   0.0   0.0
TSC1         0.0   0.0    0.0   0.0    0.0     0.0   0.0   0.0   0.0
TSC2         0.0   0.0    0.0   0.0    0.0     0.0   0.0   0.0   0.0
Empirical covariance matrix:
Shape: (9, 9)
         HSP90B1   KRAS  YWHAE   AKT1  FOXO3  PIK3CD   RHEB   TSC1   TSC2
HSP90B1    0.319  0.033  0.187  0.011  0.015   0.024  0.043 -0.093 -0.085
KRAS       0.033  0.142 -0.087 -0.005  0.060  -0.021 -0.008 -0.032 -0.029
YWHAE      0.187 -0.087  0.632  0.118 -0.233   0.138  0.074 -0.007  0.047
AKT1       0.011 -0.005  0.118  0.176 -0.038   0.040  0.055 -0.043 -0.001
FOXO3      0.015  0.060 -0.233 -0.038  0.247  -0.059  0.059 -0.114 -0.133
PIK3CD     0.024 -0.021  0.138  0.040 -0.059   0.110  0.018  0.061  0.052
RHEB       0.043 -0.008  0.074  0.055  0.059   0.018  0.139 -0.141 -0.130
TSC1      -0.093 -0.032 -0.007 -0.043 -0.114   0.061 -0.141  0.346  0.268
TSC2      -0.085 -0.029  0.047 -0.001 -0.133   0.052 -0.130  0.268  0.269
Model-implied covariance matrix:
Shape: (9, 9)
         HSP90B1   KRAS  YWHAE   AKT1  FOXO3  PIK3CD   RHEB   TSC1   TSC2
HSP90B1    0.772  0.177 -0.189  0.020  0.074  -0.025  0.001 -0.005  0.000
KRAS       0.177  0.431 -0.544 -0.013  0.217  -0.060 -0.001  0.003 -0.000
YWHAE     -0.189 -0.544  1.522  0.018 -0.606   0.076  0.001 -0.004  0.000
AKT1       0.020 -0.013  0.018  0.234 -0.022   0.092  0.010 -0.055  0.001
FOXO3      0.074  0.217 -0.606 -0.022  0.531  -0.036  0.034  0.005 -0.000
PIK3CD    -0.025 -0.060  0.076  0.092 -0.036   0.285  0.004 -0.021  0.000
RHEB       0.001 -0.001  0.001  0.010  0.034   0.004  0.109 -0.042 -0.019
TSC1      -0.005  0.003 -0.004 -0.055  0.005  -0.021 -0.042  0.230 -0.000
TSC2       0.000 -0.000  0.000  0.001 -0.000   0.000 -0.019 -0.000  0.083
Euclidian difference between them: 1.64180622707
