All variables: ['HSP90B1', 'KRAS', 'YWHAE', 'AKT1', 'FOXO3', 'PIK3CD', 'RHEB', 'TSC1', 'TSC2']
Observable variables: ['AKT1', 'FOXO3', 'PIK3CD', 'RHEB', 'TSC1', 'TSC2', 'HSP90B1', 'KRAS', 'YWHAE']
Structural part: ['HSP90B1', 'KRAS', 'YWHAE', 'AKT1', 'FOXO3', 'PIK3CD', 'RHEB', 'TSC1', 'TSC2']
Measurement part: ['HSP90B1', 'KRAS', 'YWHAE', 'AKT1', 'FOXO3', 'PIK3CD', 'RHEB', 'TSC1', 'TSC2']
Latent varaibles: []
Endogenous variables: ['AKT1', 'FOXO3', 'PIK3CD', 'RHEB', 'TSC1', 'TSC2']
Exogenous variables: ['HSP90B1', 'KRAS', 'YWHAE']
Beta
Shape: (9, 9)
         HSP90B1  KRAS  YWHAE   AKT1  FOXO3  PIK3CD  RHEB   TSC1   TSC2
HSP90B1    0.000  0.00  0.000  0.000    0.0   0.000   0.0  0.000  0.000
KRAS       0.000  0.00  0.000  0.000    0.0   0.000   0.0  0.000  0.000
YWHAE      0.000  0.00  0.000  0.000    0.0   0.000   0.0  0.000  0.000
AKT1       0.511  0.00  0.000  0.000    0.0   0.474   0.0  0.000  0.000
FOXO3      0.000  0.00 -0.177 -0.713    0.0   0.000   0.0  0.000  0.000
PIK3CD     0.000 -1.43  0.000  0.000    0.0   0.000   0.0  0.000  0.000
RHEB       0.000  0.00  0.000  0.000    0.0   0.000   0.0 -0.374  0.027
TSC1       0.000  0.00  0.000 -0.129    0.0   0.000   0.0  0.000  0.000
TSC2       0.000  0.00  0.000 -0.044    0.0   0.000   0.0  0.000  0.000
Lambda
Shape: (9, 9)
         HSP90B1  KRAS  YWHAE  AKT1  FOXO3  PIK3CD  RHEB  TSC1  TSC2
HSP90B1      1.0   0.0    0.0   0.0    0.0     0.0   0.0   0.0   0.0
KRAS         0.0   1.0    0.0   0.0    0.0     0.0   0.0   0.0   0.0
YWHAE        0.0   0.0    1.0   0.0    0.0     0.0   0.0   0.0   0.0
AKT1         0.0   0.0    0.0   1.0    0.0     0.0   0.0   0.0   0.0
FOXO3        0.0   0.0    0.0   0.0    1.0     0.0   0.0   0.0   0.0
PIK3CD       0.0   0.0    0.0   0.0    0.0     1.0   0.0   0.0   0.0
RHEB         0.0   0.0    0.0   0.0    0.0     0.0   1.0   0.0   0.0
TSC1         0.0   0.0    0.0   0.0    0.0     0.0   0.0   1.0   0.0
TSC2         0.0   0.0    0.0   0.0    0.0     0.0   0.0   0.0   1.0
Psi
Shape: (9, 9)
         HSP90B1   KRAS  YWHAE   AKT1  FOXO3  PIK3CD   RHEB   TSC1   TSC2
HSP90B1    0.772  0.177 -0.189  0.000  0.000   0.000  0.000  0.000  0.000
KRAS       0.177  0.431 -0.544  0.000  0.000   0.000  0.000  0.000  0.000
YWHAE     -0.189 -0.544  1.522  0.000  0.000   0.000  0.000  0.000  0.000
AKT1       0.000  0.000  0.000  0.203  0.000   0.000  0.000  0.000  0.000
FOXO3      0.000  0.000  0.000  0.000  0.288   0.000  0.035  0.000  0.000
PIK3CD     0.000  0.000  0.000  0.000  0.000   0.277  0.000  0.000  0.000
RHEB       0.000  0.000  0.000  0.000  0.035   0.000  0.097  0.000  0.000
TSC1       0.000  0.000  0.000  0.000  0.000   0.000  0.000  0.217  0.000
TSC2       0.000  0.000  0.000  0.000  0.000   0.000  0.000  0.000  0.083
Theta
Shape: (9, 9)
         HSP90B1  KRAS  YWHAE  AKT1  FOXO3  PIK3CD  RHEB  TSC1  TSC2
HSP90B1      0.0   0.0    0.0   0.0    0.0     0.0   0.0   0.0   0.0
KRAS         0.0   0.0    0.0   0.0    0.0     0.0   0.0   0.0   0.0
YWHAE        0.0   0.0    0.0   0.0    0.0     0.0   0.0   0.0   0.0
AKT1         0.0   0.0    0.0   0.0    0.0     0.0   0.0   0.0   0.0
FOXO3        0.0   0.0    0.0   0.0    0.0     0.0   0.0   0.0   0.0
PIK3CD       0.0   0.0    0.0   0.0    0.0     0.0   0.0   0.0   0.0
RHEB         0.0   0.0    0.0   0.0    0.0     0.0   0.0   0.0   0.0
TSC1         0.0   0.0    0.0   0.0    0.0     0.0   0.0   0.0   0.0
TSC2         0.0   0.0    0.0   0.0    0.0     0.0   0.0   0.0   0.0
Empirical covariance matrix:
Shape: (9, 9)
         HSP90B1   KRAS  YWHAE   AKT1  FOXO3  PIK3CD   RHEB   TSC1   TSC2
HSP90B1    0.192  0.062 -0.394  0.016  0.024  -0.184 -0.066  0.079 -0.020
KRAS       0.062  0.092 -0.230 -0.049  0.078  -0.136 -0.055  0.055 -0.017
YWHAE     -0.394 -0.230  1.616  0.027 -0.284   0.492  0.237 -0.442 -0.023
AKT1       0.016 -0.049  0.027  0.166 -0.121   0.116  0.049 -0.024 -0.011
FOXO3      0.024  0.078 -0.284 -0.121  0.189  -0.165 -0.071  0.105  0.021
PIK3CD    -0.184 -0.136  0.492  0.116 -0.165   0.430  0.128 -0.126  0.028
RHEB      -0.066 -0.055  0.237  0.049 -0.071   0.128  0.066 -0.059 -0.008
TSC1       0.079  0.055 -0.442 -0.024  0.105  -0.126 -0.059  0.170  0.027
TSC2      -0.020 -0.017 -0.023 -0.011  0.021   0.028 -0.008  0.027  0.050
Model-implied covariance matrix:
Shape: (9, 9)
         HSP90B1   KRAS  YWHAE   AKT1  FOXO3  PIK3CD   RHEB   TSC1   TSC2
HSP90B1    0.772  0.177 -0.189  0.274 -0.162  -0.253  0.013 -0.035 -0.012
KRAS       0.177  0.431 -0.544 -0.201  0.240  -0.616 -0.009  0.026  0.009
YWHAE     -0.189 -0.544  1.522  0.272 -0.463   0.778  0.013 -0.035 -0.012
AKT1       0.274 -0.201  0.272  0.542 -0.435   0.419  0.026 -0.070 -0.024
FOXO3     -0.162  0.240 -0.463 -0.435  0.680  -0.437  0.015  0.056  0.019
PIK3CD    -0.253 -0.616  0.778  0.419 -0.437   1.158  0.020 -0.054 -0.018
RHEB       0.013 -0.009  0.013  0.026  0.015   0.020  0.129 -0.085  0.001
TSC1      -0.035  0.026 -0.035 -0.070  0.056  -0.054 -0.085  0.226  0.003
TSC2      -0.012  0.009 -0.012 -0.024  0.019  -0.018  0.001  0.003  0.084
Euclidian difference between them: 1.970461949
