All variables: ['HSP90B1', 'KRAS', 'YWHAE', 'AKT1', 'FOXO3', 'PIK3CD', 'RHEB', 'TSC1', 'TSC2']
Observable variables: ['AKT1', 'FOXO3', 'PIK3CD', 'RHEB', 'TSC1', 'TSC2', 'HSP90B1', 'KRAS', 'YWHAE']
Structural part: ['HSP90B1', 'KRAS', 'YWHAE', 'AKT1', 'FOXO3', 'PIK3CD', 'RHEB', 'TSC1', 'TSC2']
Measurement part: ['HSP90B1', 'KRAS', 'YWHAE', 'AKT1', 'FOXO3', 'PIK3CD', 'RHEB', 'TSC1', 'TSC2']
Latent varaibles: []
Endogenous variables: ['AKT1', 'FOXO3', 'PIK3CD', 'RHEB', 'TSC1', 'TSC2']
Exogenous variables: ['HSP90B1', 'KRAS', 'YWHAE']
Beta
Shape: (9, 9)
         HSP90B1   KRAS  YWHAE   AKT1  FOXO3  PIK3CD  RHEB   TSC1  TSC2
HSP90B1    0.000  0.000  0.000  0.000    0.0   0.000   0.0  0.000  0.00
KRAS       0.000  0.000  0.000  0.000    0.0   0.000   0.0  0.000  0.00
YWHAE      0.000  0.000  0.000  0.000    0.0   0.000   0.0  0.000  0.00
AKT1       0.384  0.000  0.000  0.000    0.0   0.123   0.0  0.000  0.00
FOXO3      0.000  0.000 -0.301 -0.163    0.0   0.000   0.0  0.000  0.00
PIK3CD     0.000  0.075  0.000  0.000    0.0   0.000   0.0  0.000  0.00
RHEB       0.000  0.000  0.000  0.000    0.0   0.000   0.0 -0.129 -0.03
TSC1       0.000  0.000  0.000  0.025    0.0   0.000   0.0  0.000  0.00
TSC2       0.000  0.000  0.000  0.309    0.0   0.000   0.0  0.000  0.00
Lambda
Shape: (9, 9)
         HSP90B1  KRAS  YWHAE  AKT1  FOXO3  PIK3CD  RHEB  TSC1  TSC2
HSP90B1      1.0   0.0    0.0   0.0    0.0     0.0   0.0   0.0   0.0
KRAS         0.0   1.0    0.0   0.0    0.0     0.0   0.0   0.0   0.0
YWHAE        0.0   0.0    1.0   0.0    0.0     0.0   0.0   0.0   0.0
AKT1         0.0   0.0    0.0   1.0    0.0     0.0   0.0   0.0   0.0
FOXO3        0.0   0.0    0.0   0.0    1.0     0.0   0.0   0.0   0.0
PIK3CD       0.0   0.0    0.0   0.0    0.0     1.0   0.0   0.0   0.0
RHEB         0.0   0.0    0.0   0.0    0.0     0.0   1.0   0.0   0.0
TSC1         0.0   0.0    0.0   0.0    0.0     0.0   0.0   1.0   0.0
TSC2         0.0   0.0    0.0   0.0    0.0     0.0   0.0   0.0   1.0
Psi
Shape: (9, 9)
         HSP90B1   KRAS  YWHAE   AKT1  FOXO3  PIK3CD   RHEB   TSC1   TSC2
HSP90B1    0.772  0.177 -0.189  0.000  0.000   0.000  0.000  0.000  0.000
KRAS       0.177  0.431 -0.544  0.000  0.000   0.000  0.000  0.000  0.000
YWHAE     -0.189 -0.544  1.522  0.000  0.000   0.000  0.000  0.000  0.000
AKT1       0.000  0.000  0.000  0.203  0.000   0.000  0.000  0.000  0.000
FOXO3      0.000  0.000  0.000  0.000  0.288   0.000  0.035  0.000  0.000
PIK3CD     0.000  0.000  0.000  0.000  0.000   0.277  0.000  0.000  0.000
RHEB       0.000  0.000  0.000  0.000  0.035   0.000  0.097  0.000  0.000
TSC1       0.000  0.000  0.000  0.000  0.000   0.000  0.000  0.217  0.000
TSC2       0.000  0.000  0.000  0.000  0.000   0.000  0.000  0.000  0.083
Theta
Shape: (9, 9)
         HSP90B1  KRAS  YWHAE  AKT1  FOXO3  PIK3CD  RHEB  TSC1  TSC2
HSP90B1      0.0   0.0    0.0   0.0    0.0     0.0   0.0   0.0   0.0
KRAS         0.0   0.0    0.0   0.0    0.0     0.0   0.0   0.0   0.0
YWHAE        0.0   0.0    0.0   0.0    0.0     0.0   0.0   0.0   0.0
AKT1         0.0   0.0    0.0   0.0    0.0     0.0   0.0   0.0   0.0
FOXO3        0.0   0.0    0.0   0.0    0.0     0.0   0.0   0.0   0.0
PIK3CD       0.0   0.0    0.0   0.0    0.0     0.0   0.0   0.0   0.0
RHEB         0.0   0.0    0.0   0.0    0.0     0.0   0.0   0.0   0.0
TSC1         0.0   0.0    0.0   0.0    0.0     0.0   0.0   0.0   0.0
TSC2         0.0   0.0    0.0   0.0    0.0     0.0   0.0   0.0   0.0
Empirical covariance matrix:
Shape: (9, 9)
         HSP90B1   KRAS  YWHAE   AKT1  FOXO3  PIK3CD   RHEB   TSC1   TSC2
HSP90B1    0.680 -0.097  0.730  0.239 -0.257  -0.240  0.110 -0.115  0.047
KRAS      -0.097  0.156 -0.145 -0.097  0.103   0.016 -0.025 -0.013 -0.055
YWHAE      0.730 -0.145  1.230  0.379 -0.381  -0.441  0.173 -0.267  0.081
AKT1       0.239 -0.097  0.379  0.349 -0.136  -0.034  0.089  0.009  0.113
FOXO3     -0.257  0.103 -0.381 -0.136  0.219   0.070 -0.049  0.085 -0.024
PIK3CD    -0.240  0.016 -0.441 -0.034  0.070   0.494 -0.036  0.179  0.053
RHEB       0.110 -0.025  0.173  0.089 -0.049  -0.036  0.095 -0.021 -0.006
TSC1      -0.115 -0.013 -0.267  0.009  0.085   0.179 -0.021  0.159  0.047
TSC2       0.047 -0.055  0.081  0.113 -0.024   0.053 -0.006  0.047  0.106
Model-implied covariance matrix:
Shape: (9, 9)
         HSP90B1   KRAS  YWHAE   AKT1  FOXO3  PIK3CD   RHEB   TSC1   TSC2
HSP90B1    0.772  0.177 -0.189  0.298  0.008   0.013 -0.004  0.007  0.092
KRAS       0.177  0.431 -0.544  0.072  0.152   0.032 -0.001  0.002  0.022
YWHAE     -0.189 -0.544  1.522 -0.078 -0.445  -0.041  0.001 -0.002 -0.024
AKT1       0.298  0.072 -0.078  0.323 -0.029   0.040 -0.004  0.008  0.100
FOXO3      0.008  0.152 -0.445 -0.029  0.427   0.006  0.036 -0.001 -0.009
PIK3CD     0.013  0.032 -0.041  0.040  0.006   0.279 -0.000  0.001  0.012
RHEB      -0.004 -0.001  0.001 -0.004  0.036  -0.000  0.101 -0.028 -0.004
TSC1       0.007  0.002 -0.002  0.008 -0.001   0.001 -0.028  0.217  0.002
TSC2       0.092  0.022 -0.024  0.100 -0.009   0.012 -0.004  0.002  0.113
Euclidian difference between them: 1.99045994124
