All variables: ['HSP90B1', 'KRAS', 'YWHAE', 'AKT1', 'FOXO3', 'PIK3CD', 'RHEB', 'TSC1', 'TSC2']
Observable variables: ['AKT1', 'FOXO3', 'PIK3CD', 'RHEB', 'TSC1', 'TSC2', 'HSP90B1', 'KRAS', 'YWHAE']
Structural part: ['HSP90B1', 'KRAS', 'YWHAE', 'AKT1', 'FOXO3', 'PIK3CD', 'RHEB', 'TSC1', 'TSC2']
Measurement part: ['HSP90B1', 'KRAS', 'YWHAE', 'AKT1', 'FOXO3', 'PIK3CD', 'RHEB', 'TSC1', 'TSC2']
Latent varaibles: []
Endogenous variables: ['AKT1', 'FOXO3', 'PIK3CD', 'RHEB', 'TSC1', 'TSC2']
Exogenous variables: ['HSP90B1', 'KRAS', 'YWHAE']
Beta
Shape: (9, 9)
         HSP90B1   KRAS  YWHAE   AKT1  FOXO3  PIK3CD  RHEB  TSC1   TSC2
HSP90B1    0.000  0.000  0.000  0.000    0.0   0.000   0.0  0.00  0.000
KRAS       0.000  0.000  0.000  0.000    0.0   0.000   0.0  0.00  0.000
YWHAE      0.000  0.000  0.000  0.000    0.0   0.000   0.0  0.00  0.000
AKT1       0.529  0.000  0.000  0.000    0.0   0.511   0.0  0.00  0.000
FOXO3      0.000  0.000 -0.197 -0.717    0.0   0.000   0.0  0.00  0.000
PIK3CD     0.000 -1.449  0.000  0.000    0.0   0.000   0.0  0.00  0.000
RHEB       0.000  0.000  0.000  0.000    0.0   0.000   0.0 -0.37  0.045
TSC1       0.000  0.000  0.000 -0.132    0.0   0.000   0.0  0.00  0.000
TSC2       0.000  0.000  0.000 -0.022    0.0   0.000   0.0  0.00  0.000
Lambda
Shape: (9, 9)
         HSP90B1  KRAS  YWHAE  AKT1  FOXO3  PIK3CD  RHEB  TSC1  TSC2
HSP90B1      1.0   0.0    0.0   0.0    0.0     0.0   0.0   0.0   0.0
KRAS         0.0   1.0    0.0   0.0    0.0     0.0   0.0   0.0   0.0
YWHAE        0.0   0.0    1.0   0.0    0.0     0.0   0.0   0.0   0.0
AKT1         0.0   0.0    0.0   1.0    0.0     0.0   0.0   0.0   0.0
FOXO3        0.0   0.0    0.0   0.0    1.0     0.0   0.0   0.0   0.0
PIK3CD       0.0   0.0    0.0   0.0    0.0     1.0   0.0   0.0   0.0
RHEB         0.0   0.0    0.0   0.0    0.0     0.0   1.0   0.0   0.0
TSC1         0.0   0.0    0.0   0.0    0.0     0.0   0.0   1.0   0.0
TSC2         0.0   0.0    0.0   0.0    0.0     0.0   0.0   0.0   1.0
Psi
Shape: (9, 9)
         HSP90B1   KRAS  YWHAE   AKT1  FOXO3  PIK3CD   RHEB   TSC1   TSC2
HSP90B1    0.680 -0.097  0.730  0.000  0.000    0.00  0.000  0.000  0.000
KRAS      -0.097  0.156 -0.145  0.000  0.000    0.00  0.000  0.000  0.000
YWHAE      0.730 -0.145  1.230  0.000  0.000    0.00  0.000  0.000  0.000
AKT1       0.000  0.000  0.000  0.208  0.000    0.00  0.000  0.000  0.000
FOXO3      0.000  0.000  0.000  0.000  0.285    0.00  0.034  0.000  0.000
PIK3CD     0.000  0.000  0.000  0.000  0.000    0.28  0.000  0.000  0.000
RHEB       0.000  0.000  0.000  0.000  0.034    0.00  0.098  0.000  0.000
TSC1       0.000  0.000  0.000  0.000  0.000    0.00  0.000  0.211  0.000
TSC2       0.000  0.000  0.000  0.000  0.000    0.00  0.000  0.000  0.082
Theta
Shape: (9, 9)
         HSP90B1  KRAS  YWHAE  AKT1  FOXO3  PIK3CD  RHEB  TSC1  TSC2
HSP90B1      0.0   0.0    0.0   0.0    0.0     0.0   0.0   0.0   0.0
KRAS         0.0   0.0    0.0   0.0    0.0     0.0   0.0   0.0   0.0
YWHAE        0.0   0.0    0.0   0.0    0.0     0.0   0.0   0.0   0.0
AKT1         0.0   0.0    0.0   0.0    0.0     0.0   0.0   0.0   0.0
FOXO3        0.0   0.0    0.0   0.0    0.0     0.0   0.0   0.0   0.0
PIK3CD       0.0   0.0    0.0   0.0    0.0     0.0   0.0   0.0   0.0
RHEB         0.0   0.0    0.0   0.0    0.0     0.0   0.0   0.0   0.0
TSC1         0.0   0.0    0.0   0.0    0.0     0.0   0.0   0.0   0.0
TSC2         0.0   0.0    0.0   0.0    0.0     0.0   0.0   0.0   0.0
Empirical covariance matrix:
Shape: (9, 9)
         HSP90B1   KRAS  YWHAE   AKT1  FOXO3  PIK3CD   RHEB   TSC1   TSC2
HSP90B1    0.192  0.062 -0.394  0.016  0.024  -0.184 -0.066  0.079 -0.020
KRAS       0.062  0.092 -0.230 -0.049  0.078  -0.136 -0.055  0.055 -0.017
YWHAE     -0.394 -0.230  1.616  0.027 -0.284   0.492  0.237 -0.442 -0.023
AKT1       0.016 -0.049  0.027  0.166 -0.121   0.116  0.049 -0.024 -0.011
FOXO3      0.024  0.078 -0.284 -0.121  0.189  -0.165 -0.071  0.105  0.021
PIK3CD    -0.184 -0.136  0.492  0.116 -0.165   0.430  0.128 -0.126  0.028
RHEB      -0.066 -0.055  0.237  0.049 -0.071   0.128  0.066 -0.059 -0.008
TSC1       0.079  0.055 -0.442 -0.024  0.105  -0.126 -0.059  0.170  0.027
TSC2      -0.020 -0.017 -0.023 -0.011  0.021   0.028 -0.008  0.027  0.050
Model-implied covariance matrix:
Shape: (9, 9)
         HSP90B1   KRAS  YWHAE   AKT1  FOXO3  PIK3CD   RHEB   TSC1   TSC2
HSP90B1    0.680 -0.097  0.730  0.431 -0.453   0.140  0.021 -0.057 -0.009
KRAS      -0.097  0.156 -0.145 -0.166  0.148  -0.226 -0.008  0.022  0.004
YWHAE      0.730 -0.145  1.230  0.494 -0.596   0.210  0.024 -0.065 -0.011
AKT1       0.431 -0.166  0.494  0.633 -0.551   0.384  0.030 -0.084 -0.014
FOXO3     -0.453  0.148 -0.596 -0.551  0.797  -0.317  0.008  0.073  0.012
PIK3CD     0.140 -0.226  0.210  0.384 -0.317   0.607  0.018 -0.051 -0.008
RHEB       0.021 -0.008  0.024  0.030  0.008   0.018  0.129 -0.082  0.003
TSC1      -0.057  0.022 -0.065 -0.084  0.073  -0.051 -0.082  0.222  0.002
TSC2      -0.009  0.004 -0.011 -0.014  0.012  -0.008  0.003  0.002  0.083
Euclidian difference between them: 2.55324710631
