All variables: ['HSP90B1', 'KRAS', 'YWHAE', 'AKT1', 'FOXO3', 'PIK3CD', 'RHEB', 'TSC1', 'TSC2']
Observable variables: ['AKT1', 'FOXO3', 'PIK3CD', 'RHEB', 'TSC1', 'TSC2', 'HSP90B1', 'KRAS', 'YWHAE']
Structural part: ['HSP90B1', 'KRAS', 'YWHAE', 'AKT1', 'FOXO3', 'PIK3CD', 'RHEB', 'TSC1', 'TSC2']
Measurement part: ['HSP90B1', 'KRAS', 'YWHAE', 'AKT1', 'FOXO3', 'PIK3CD', 'RHEB', 'TSC1', 'TSC2']
Latent varaibles: []
Endogenous variables: ['AKT1', 'FOXO3', 'PIK3CD', 'RHEB', 'TSC1', 'TSC2']
Exogenous variables: ['HSP90B1', 'KRAS', 'YWHAE']
Beta
Shape: (9, 9)
         HSP90B1   KRAS  YWHAE   AKT1  FOXO3  PIK3CD  RHEB   TSC1   TSC2
HSP90B1    0.000  0.000  0.000  0.000    0.0   0.000   0.0  0.000  0.000
KRAS       0.000  0.000  0.000  0.000    0.0   0.000   0.0  0.000  0.000
YWHAE      0.000  0.000  0.000  0.000    0.0   0.000   0.0  0.000  0.000
AKT1       0.399  0.000  0.000  0.000    0.0   0.149   0.0  0.000  0.000
FOXO3      0.000  0.000 -0.344 -0.151    0.0   0.000   0.0  0.000  0.000
PIK3CD     0.000  0.141  0.000  0.000    0.0   0.000   0.0  0.000  0.000
RHEB       0.000  0.000  0.000  0.000    0.0   0.000   0.0 -0.166 -0.004
TSC1       0.000  0.000  0.000  0.047    0.0   0.000   0.0  0.000  0.000
TSC2       0.000  0.000  0.000  0.302    0.0   0.000   0.0  0.000  0.000
Lambda
Shape: (9, 9)
         HSP90B1  KRAS  YWHAE  AKT1  FOXO3  PIK3CD  RHEB  TSC1  TSC2
HSP90B1      1.0   0.0    0.0   0.0    0.0     0.0   0.0   0.0   0.0
KRAS         0.0   1.0    0.0   0.0    0.0     0.0   0.0   0.0   0.0
YWHAE        0.0   0.0    1.0   0.0    0.0     0.0   0.0   0.0   0.0
AKT1         0.0   0.0    0.0   1.0    0.0     0.0   0.0   0.0   0.0
FOXO3        0.0   0.0    0.0   0.0    1.0     0.0   0.0   0.0   0.0
PIK3CD       0.0   0.0    0.0   0.0    0.0     1.0   0.0   0.0   0.0
RHEB         0.0   0.0    0.0   0.0    0.0     0.0   1.0   0.0   0.0
TSC1         0.0   0.0    0.0   0.0    0.0     0.0   0.0   1.0   0.0
TSC2         0.0   0.0    0.0   0.0    0.0     0.0   0.0   0.0   1.0
Psi
Shape: (9, 9)
         HSP90B1   KRAS  YWHAE   AKT1  FOXO3  PIK3CD   RHEB   TSC1   TSC2
HSP90B1    0.680 -0.097  0.730  0.000  0.000    0.00  0.000  0.000  0.000
KRAS      -0.097  0.156 -0.145  0.000  0.000    0.00  0.000  0.000  0.000
YWHAE      0.730 -0.145  1.230  0.000  0.000    0.00  0.000  0.000  0.000
AKT1       0.000  0.000  0.000  0.208  0.000    0.00  0.000  0.000  0.000
FOXO3      0.000  0.000  0.000  0.000  0.285    0.00  0.034  0.000  0.000
PIK3CD     0.000  0.000  0.000  0.000  0.000    0.28  0.000  0.000  0.000
RHEB       0.000  0.000  0.000  0.000  0.034    0.00  0.098  0.000  0.000
TSC1       0.000  0.000  0.000  0.000  0.000    0.00  0.000  0.211  0.000
TSC2       0.000  0.000  0.000  0.000  0.000    0.00  0.000  0.000  0.082
Theta
Shape: (9, 9)
         HSP90B1  KRAS  YWHAE  AKT1  FOXO3  PIK3CD  RHEB  TSC1  TSC2
HSP90B1      0.0   0.0    0.0   0.0    0.0     0.0   0.0   0.0   0.0
KRAS         0.0   0.0    0.0   0.0    0.0     0.0   0.0   0.0   0.0
YWHAE        0.0   0.0    0.0   0.0    0.0     0.0   0.0   0.0   0.0
AKT1         0.0   0.0    0.0   0.0    0.0     0.0   0.0   0.0   0.0
FOXO3        0.0   0.0    0.0   0.0    0.0     0.0   0.0   0.0   0.0
PIK3CD       0.0   0.0    0.0   0.0    0.0     0.0   0.0   0.0   0.0
RHEB         0.0   0.0    0.0   0.0    0.0     0.0   0.0   0.0   0.0
TSC1         0.0   0.0    0.0   0.0    0.0     0.0   0.0   0.0   0.0
TSC2         0.0   0.0    0.0   0.0    0.0     0.0   0.0   0.0   0.0
Empirical covariance matrix:
Shape: (9, 9)
         HSP90B1   KRAS  YWHAE   AKT1  FOXO3  PIK3CD   RHEB   TSC1   TSC2
HSP90B1    0.680 -0.097  0.730  0.239 -0.257  -0.240  0.110 -0.115  0.047
KRAS      -0.097  0.156 -0.145 -0.097  0.103   0.016 -0.025 -0.013 -0.055
YWHAE      0.730 -0.145  1.230  0.379 -0.381  -0.441  0.173 -0.267  0.081
AKT1       0.239 -0.097  0.379  0.349 -0.136  -0.034  0.089  0.009  0.113
FOXO3     -0.257  0.103 -0.381 -0.136  0.219   0.070 -0.049  0.085 -0.024
PIK3CD    -0.240  0.016 -0.441 -0.034  0.070   0.494 -0.036  0.179  0.053
RHEB       0.110 -0.025  0.173  0.089 -0.049  -0.036  0.095 -0.021 -0.006
TSC1      -0.115 -0.013 -0.267  0.009  0.085   0.179 -0.021  0.159  0.047
TSC2       0.047 -0.055  0.081  0.113 -0.024   0.053 -0.006  0.047  0.106
Model-implied covariance matrix:
Shape: (9, 9)
         HSP90B1   KRAS  YWHAE   AKT1  FOXO3  PIK3CD   RHEB   TSC1   TSC2
HSP90B1    0.680 -0.097  0.730  0.269 -0.292  -0.014 -0.002  0.013  0.081
KRAS      -0.097  0.156 -0.145 -0.035  0.055   0.022  0.000 -0.002 -0.011
YWHAE      0.730 -0.145  1.230  0.288 -0.467  -0.021 -0.003  0.014  0.087
AKT1       0.269 -0.035  0.288  0.321 -0.148   0.037 -0.003  0.015  0.097
FOXO3     -0.292  0.055 -0.467 -0.148  0.468   0.002  0.036 -0.007 -0.045
PIK3CD    -0.014  0.022 -0.021  0.037  0.002   0.283 -0.000  0.002  0.011
RHEB      -0.002  0.000 -0.003 -0.003  0.036  -0.000  0.104 -0.035 -0.001
TSC1       0.013 -0.002  0.014  0.015 -0.007   0.002 -0.035  0.211  0.005
TSC2       0.081 -0.011  0.087  0.097 -0.045   0.011 -0.001  0.005  0.112
Euclidian difference between them: 1.0204613221
