All variables: ['HSP90B1', 'KRAS', 'YWHAE', 'AKT1', 'FOXO3', 'PIK3CD', 'RHEB', 'TSC1', 'TSC2']
Observable variables: ['AKT1', 'FOXO3', 'PIK3CD', 'RHEB', 'TSC1', 'TSC2', 'HSP90B1', 'KRAS', 'YWHAE']
Structural part: ['HSP90B1', 'KRAS', 'YWHAE', 'AKT1', 'FOXO3', 'PIK3CD', 'RHEB', 'TSC1', 'TSC2']
Measurement part: ['HSP90B1', 'KRAS', 'YWHAE', 'AKT1', 'FOXO3', 'PIK3CD', 'RHEB', 'TSC1', 'TSC2']
Latent varaibles: []
Endogenous variables: ['AKT1', 'FOXO3', 'PIK3CD', 'RHEB', 'TSC1', 'TSC2']
Exogenous variables: ['HSP90B1', 'KRAS', 'YWHAE']
Beta
Shape: (9, 9)
         HSP90B1   KRAS  YWHAE   AKT1  FOXO3  PIK3CD  RHEB   TSC1  TSC2
HSP90B1    0.000  0.000  0.000  0.000    0.0   0.000   0.0  0.000  0.00
KRAS       0.000  0.000  0.000  0.000    0.0   0.000   0.0  0.000  0.00
YWHAE      0.000  0.000  0.000  0.000    0.0   0.000   0.0  0.000  0.00
AKT1       0.221  0.000  0.000  0.000    0.0   0.161   0.0  0.000  0.00
FOXO3      0.000  0.000 -0.192  0.054    0.0   0.000   0.0  0.000  0.00
PIK3CD     0.000  0.175  0.000  0.000    0.0   0.000   0.0  0.000  0.00
RHEB       0.000  0.000  0.000  0.000    0.0   0.000   0.0 -0.286  0.08
TSC1       0.000  0.000  0.000 -0.034    0.0   0.000   0.0  0.000  0.00
TSC2       0.000  0.000  0.000  0.112    0.0   0.000   0.0  0.000  0.00
Lambda
Shape: (9, 9)
         HSP90B1  KRAS  YWHAE  AKT1  FOXO3  PIK3CD  RHEB  TSC1  TSC2
HSP90B1      1.0   0.0    0.0   0.0    0.0     0.0   0.0   0.0   0.0
KRAS         0.0   1.0    0.0   0.0    0.0     0.0   0.0   0.0   0.0
YWHAE        0.0   0.0    1.0   0.0    0.0     0.0   0.0   0.0   0.0
AKT1         0.0   0.0    0.0   1.0    0.0     0.0   0.0   0.0   0.0
FOXO3        0.0   0.0    0.0   0.0    1.0     0.0   0.0   0.0   0.0
PIK3CD       0.0   0.0    0.0   0.0    0.0     1.0   0.0   0.0   0.0
RHEB         0.0   0.0    0.0   0.0    0.0     0.0   1.0   0.0   0.0
TSC1         0.0   0.0    0.0   0.0    0.0     0.0   0.0   1.0   0.0
TSC2         0.0   0.0    0.0   0.0    0.0     0.0   0.0   0.0   1.0
Psi
Shape: (9, 9)
         HSP90B1   KRAS  YWHAE   AKT1  FOXO3  PIK3CD   RHEB   TSC1   TSC2
HSP90B1    0.680 -0.097  0.730  0.000  0.000    0.00  0.000  0.000  0.000
KRAS      -0.097  0.156 -0.145  0.000  0.000    0.00  0.000  0.000  0.000
YWHAE      0.730 -0.145  1.230  0.000  0.000    0.00  0.000  0.000  0.000
AKT1       0.000  0.000  0.000  0.208  0.000    0.00  0.000  0.000  0.000
FOXO3      0.000  0.000  0.000  0.000  0.285    0.00  0.034  0.000  0.000
PIK3CD     0.000  0.000  0.000  0.000  0.000    0.28  0.000  0.000  0.000
RHEB       0.000  0.000  0.000  0.000  0.034    0.00  0.098  0.000  0.000
TSC1       0.000  0.000  0.000  0.000  0.000    0.00  0.000  0.211  0.000
TSC2       0.000  0.000  0.000  0.000  0.000    0.00  0.000  0.000  0.082
Theta
Shape: (9, 9)
         HSP90B1  KRAS  YWHAE  AKT1  FOXO3  PIK3CD  RHEB  TSC1  TSC2
HSP90B1      0.0   0.0    0.0   0.0    0.0     0.0   0.0   0.0   0.0
KRAS         0.0   0.0    0.0   0.0    0.0     0.0   0.0   0.0   0.0
YWHAE        0.0   0.0    0.0   0.0    0.0     0.0   0.0   0.0   0.0
AKT1         0.0   0.0    0.0   0.0    0.0     0.0   0.0   0.0   0.0
FOXO3        0.0   0.0    0.0   0.0    0.0     0.0   0.0   0.0   0.0
PIK3CD       0.0   0.0    0.0   0.0    0.0     0.0   0.0   0.0   0.0
RHEB         0.0   0.0    0.0   0.0    0.0     0.0   0.0   0.0   0.0
TSC1         0.0   0.0    0.0   0.0    0.0     0.0   0.0   0.0   0.0
TSC2         0.0   0.0    0.0   0.0    0.0     0.0   0.0   0.0   0.0
Empirical covariance matrix:
Shape: (9, 9)
         HSP90B1   KRAS  YWHAE   AKT1  FOXO3  PIK3CD   RHEB   TSC1   TSC2
HSP90B1    0.590 -0.066  0.603  0.127 -0.110  -0.009  0.025 -0.002  0.014
KRAS      -0.066  0.162 -0.108 -0.003  0.026   0.016 -0.010 -0.001 -0.007
YWHAE      0.603 -0.108  1.055  0.126 -0.188  -0.015  0.026 -0.004  0.023
AKT1       0.127 -0.003  0.126  0.221 -0.000   0.051  0.013 -0.004  0.021
FOXO3     -0.110  0.026 -0.188 -0.000  0.337   0.006  0.051 -0.001  0.002
PIK3CD    -0.009  0.016 -0.015  0.051  0.006   0.288 -0.006  0.017  0.016
RHEB       0.025 -0.010  0.026  0.013  0.051  -0.006  0.129 -0.065  0.009
TSC1      -0.002 -0.001 -0.004 -0.004 -0.001   0.017 -0.065  0.214  0.007
TSC2       0.014 -0.007  0.023  0.021  0.002   0.016  0.009  0.007  0.092
Model-implied covariance matrix:
Shape: (9, 9)
         HSP90B1   KRAS  YWHAE   AKT1  FOXO3  PIK3CD   RHEB   TSC1   TSC2
HSP90B1    0.680 -0.097  0.730  0.148 -0.132  -0.017  0.003 -0.005  0.017
KRAS      -0.097  0.156 -0.145 -0.017  0.027   0.027 -0.000  0.001 -0.002
YWHAE      0.730 -0.145  1.230  0.157 -0.228  -0.025  0.003 -0.005  0.018
AKT1       0.148 -0.017  0.157  0.248 -0.017   0.042  0.005 -0.009  0.028
FOXO3     -0.132  0.027 -0.228 -0.017  0.328   0.007  0.034  0.001 -0.002
PIK3CD    -0.017  0.027 -0.025  0.042  0.007   0.285  0.001 -0.001  0.005
RHEB       0.003 -0.000  0.003  0.005  0.034   0.001  0.116 -0.060  0.007
TSC1      -0.005  0.001 -0.005 -0.009  0.001  -0.001 -0.060  0.211 -0.001
TSC2       0.017 -0.002  0.018  0.028 -0.002   0.005  0.007 -0.001  0.086
Euclidian difference between them: 0.299390167233
