All variables: ['eta1', 'eta2', 'eta3', 'eta4', 'x1', 'x2', 'x3', 'x4', 'y1', 'y2', 'y3', 'y4', 'y5', 'y6', 'y7', 'y8', 'y9']
Observable variables: ['x1', 'x2', 'x3', 'x4', 'y1', 'y2', 'y3', 'y4', 'y5', 'y6', 'y7', 'y8', 'y9']
Structural part: ['eta1', 'eta2', 'eta3', 'eta4', 'x1', 'x2', 'x3', 'x4']
Measurement part: ['y1', 'y2', 'y3', 'y4', 'y5', 'y6', 'y7', 'y8', 'y9', 'x1', 'x2', 'x3', 'x4']
Latent varaibles: ['eta1', 'eta2', 'eta3', 'eta4']
Endogenous variables: ['eta2', 'eta3', 'eta4', 'x1', 'x2', 'x3', 'x4']
Exogenous variables: ['eta1']
Beta
Shape: (8, 8)
       eta1    eta2   eta3   eta4      x1   x2   x3    x4
eta1  0.000   0.000  0.000  0.000   0.000  0.0  0.0  0.00
eta2  0.000   0.000  0.000  0.000  23.672  0.0  0.0 -4.55
eta3  0.000  33.565  0.000  0.000   0.000  0.0  0.0  0.00
eta4  0.000   0.000 -1.437  0.000   0.000  0.0  0.0  0.00
x1    1.257   0.000  0.000  0.000   0.000  0.0  0.0  0.00
x2    0.000   0.000  0.000  0.000   0.434  0.0  0.0  0.00
x3    0.000   0.000 -1.858  0.000   0.000  0.0  0.0  0.00
x4    0.000   0.000  0.000  3.676   0.000  0.0  0.0  0.00
Lambda
Shape: (13, 8)
     eta1    eta2    eta3   eta4   x1   x2   x3   x4
y1  1.000   0.000   0.000  0.000  0.0  0.0  0.0  0.0
y2  4.222   0.000   0.000  0.000  0.0  0.0  0.0  0.0
y3  0.000   1.000   0.000  0.000  0.0  0.0  0.0  0.0
y4  0.000 -21.524   0.000  0.000  0.0  0.0  0.0  0.0
y5  0.000   0.000   1.000  0.000  0.0  0.0  0.0  0.0
y6  0.000   0.000 -24.309  0.000  0.0  0.0  0.0  0.0
y7  0.000   0.000  -1.886  0.000  0.0  0.0  0.0  0.0
y8  0.000   0.000   0.000  1.000  0.0  0.0  0.0  0.0
y9  0.000   0.000   0.000  9.589  0.0  0.0  0.0  0.0
x1  0.000   0.000   0.000  0.000  1.0  0.0  0.0  0.0
x2  0.000   0.000   0.000  0.000  0.0  1.0  0.0  0.0
x3  0.000   0.000   0.000  0.000  0.0  0.0  1.0  0.0
x4  0.000   0.000   0.000  0.000  0.0  0.0  0.0  1.0
Psi
Shape: (8, 8)
       eta1    eta2   eta3   eta4   x1     x2     x3       x4
eta1  1.798   0.000  0.000  0.000  0.0  0.000  0.000    0.000
eta2  0.000  79.985  0.000  0.000  0.0  0.000  0.000    0.000
eta3  0.000   0.000  7.283  0.000  0.0  0.000  0.000    0.000
eta4  0.000   0.000  0.000  1.844  0.0  0.000  0.000    0.000
x1    0.000   0.000  0.000  0.000  0.0  0.000  0.000    0.000
x2    0.000   0.000  0.000  0.000  0.0  0.167  0.372    0.000
x3    0.000   0.000  0.000  0.000  0.0  0.372  0.665    0.000
x4    0.000   0.000  0.000  0.000  0.0  0.000  0.000  211.534
Theta
Shape: (13, 13)
       y1      y2     y3      y4       y5       y6       y7    y8       y9   x1   x2   x3   x4
y1  0.998   0.000  0.000   0.000    0.000     0.00    0.000  0.00    0.000  0.0  0.0  0.0  0.0
y2  0.000  34.245  0.000   0.000    0.000     0.00    0.000  0.00    0.000  0.0  0.0  0.0  0.0
y3  0.000   0.000  2.849   0.000    0.000     0.00    0.000  0.00    0.000  0.0  0.0  0.0  0.0
y4  0.000   0.000  0.000  35.968    0.000     0.00    0.000  0.00    0.000  0.0  0.0  0.0  0.0
y5  0.000   0.000  0.000   0.000  141.056     0.00    0.000  0.00    0.000  0.0  0.0  0.0  0.0
y6  0.000   0.000  0.000   0.000    0.000  1887.52    0.000  0.00    0.000  0.0  0.0  0.0  0.0
y7  0.000   0.000  0.000   0.000    0.000     0.00  351.558  0.00    0.000  0.0  0.0  0.0  0.0
y8  0.000   0.000  0.000   0.000    0.000     0.00    0.000  0.94    0.000  0.0  0.0  0.0  0.0
y9  0.000   0.000  0.000   0.000    0.000     0.00    0.000  0.00  600.411  0.0  0.0  0.0  0.0
x1  0.000   0.000  0.000   0.000    0.000     0.00    0.000  0.00    0.000  0.0  0.0  0.0  0.0
x2  0.000   0.000  0.000   0.000    0.000     0.00    0.000  0.00    0.000  0.0  0.0  0.0  0.0
x3  0.000   0.000  0.000   0.000    0.000     0.00    0.000  0.00    0.000  0.0  0.0  0.0  0.0
x4  0.000   0.000  0.000   0.000    0.000     0.00    0.000  0.00    0.000  0.0  0.0  0.0  0.0
Empirical covariance matrix:
Shape: (13, 13)
        y1       y2      y3       y4       y5        y6       y7       y8        y9      x1      x2       x3       x4
y1   2.001    5.781   1.150    5.774    6.792    58.763   10.828    4.043    31.972   1.390   0.569    5.409    6.990
y2   5.781   33.318   6.666   32.944   38.131   330.380   61.127   22.892   181.345   7.865   3.212   30.497   39.716
y3   1.150    6.666   2.329    7.000    8.166    71.202   13.223    4.946    39.153   1.643   0.667    6.593    8.710
y4   5.774   32.944   7.000   37.596   42.494   368.181   68.184   25.321   201.805   8.279   3.409   33.913   44.472
y5   6.792   38.131   8.166   42.494   50.776   432.617   80.090   29.860   237.132   9.590   4.148   39.846   52.087
y6  58.763  330.380  71.202  368.181  432.617  3753.711  694.162  259.357  2056.036  83.078  36.150  345.498  451.523
y7  10.828   61.127  13.223   68.184   80.090   694.162  129.395   47.900   380.293  15.354   6.621   63.890   83.503
y8   4.043   22.892   4.946   25.321   29.860   259.357   47.900   19.009   142.646   5.740   2.508   23.888   31.313
y9  31.972  181.345  39.153  201.805  237.132  2056.036  380.293  142.646  1132.413  45.503  19.748  189.281  248.524
x1   1.390    7.865   1.643    8.279    9.590    83.078   15.354    5.740    45.503   1.992   0.820    7.656    9.972
x2   0.569    3.212   0.667    3.409    4.148    36.150    6.621    2.508    19.748   0.820   0.472    3.333    4.310
x3   5.409   30.497   6.593   33.913   39.846   345.498   63.890   23.888   189.281   7.656   3.333   31.897   41.599
x4   6.990   39.716   8.710   44.472   52.087   451.523   83.503   31.313   248.524   9.972   4.310   41.599   55.106
Model-implied covariance matrix:
Shape: (13, 13)
        y1       y2      y3       y4       y5        y6       y7       y8        y9       x1      x2       x3       x4
y1   3.365   10.726   1.702    7.554    9.219    83.478   15.391    6.082    43.764    2.496   1.006    7.329   12.802
y2  10.726   53.978   7.594   33.707   41.137   372.499   68.680   27.137   195.284   11.138   4.491   32.706   57.127
y3   1.702    7.594   3.007    8.785    9.964    90.223   16.635    6.101    43.907    2.163   0.872    7.922   11.167
y4   7.554   33.707   8.785   45.483   44.224   400.454   73.834   27.081   194.879    9.599   3.871   35.160   49.565
y5   9.219   41.137   9.964   44.224   64.345   495.161   91.295   33.519   241.210   11.715   4.724   43.476   61.477
y6  83.478  372.499  90.223  400.454  495.161  6360.407  826.694  303.521  2184.188  106.081  42.776  393.680  556.687
y7  15.391   68.680  16.635   73.834   91.295   826.694  197.361   55.962   402.711   19.559   7.887   72.585  102.639
y8   6.082   27.137   6.101   27.081   33.519   303.521   55.962   25.499   161.223    7.728   3.116   26.650   41.170
y9  43.764  195.284  43.907  194.879  241.210  2184.188  402.711  161.223  1723.817   55.614  22.426  191.775  296.268
x1   2.496   11.138   2.163    9.599   11.715   106.081   19.559    7.728    55.614    3.172   1.279    9.314   16.269
x2   1.006    4.491   0.872    3.871    4.724    42.776    7.887    3.116    22.426    1.279   0.913    4.938    6.560
x3   7.329   32.706   7.922   35.160   43.476   393.680   72.585   26.650   191.775    9.314   4.938   39.795   48.878
x4  12.802   57.127  11.167   49.565   61.477   556.687  102.639   41.170   296.268   16.269   6.560   48.878   88.853
Euclidian difference between them: 2697.56134895
