All variables: ['eta1', 'eta2', 'eta3', 'eta4', 'x1', 'x2', 'x3', 'x4', 'y1', 'y2', 'y3', 'y4', 'y5', 'y6', 'y7', 'y8']
Observable variables: ['x3', 'x4', 'x1', 'x2', 'y1', 'y2', 'y3', 'y4', 'y5', 'y6', 'y7', 'y8']
Structural part: ['eta1', 'eta2', 'eta3', 'eta4', 'x1', 'x2', 'x3', 'x4']
Measurement part: ['y1', 'y2', 'y3', 'y4', 'y5', 'y6', 'y7', 'y8', 'x1', 'x2', 'x3', 'x4']
Latent varaibles: ['eta1', 'eta2', 'eta3', 'eta4']
Endogenous variables: ['eta3', 'eta4', 'x3', 'x4']
Exogenous variables: ['eta1', 'eta2', 'x1', 'x2']
Beta
Shape: (8, 8)
        eta1    eta2  eta3  eta4     x1     x2   x3   x4
eta1   0.000   0.000   0.0   0.0  0.000  0.000  0.0  0.0
eta2   0.000   0.000   0.0   0.0  0.000  0.000  0.0  0.0
eta3   0.000 -14.322   0.0   0.0  0.636  0.000  0.0  0.0
eta4   3.185   0.000   0.0   0.0  0.000  1.245  0.0  0.0
x1     0.000   0.000   0.0   0.0  0.000  0.000  0.0  0.0
x2     0.000   0.000   0.0   0.0  0.000  0.000  0.0  0.0
x3    10.254  75.109   0.0   0.0  0.000  0.000  0.0  0.0
x4     0.000   0.000   0.0   0.0  6.234  2.429  0.0  0.0
Lambda
Shape: (12, 8)
    eta1    eta2   eta3   eta4   x1   x2   x3   x4
y1  1.00   0.000  0.000  0.000  0.0  0.0  0.0  0.0
y2  3.94   0.000  0.000  0.000  0.0  0.0  0.0  0.0
y3  0.00   1.000  0.000  0.000  0.0  0.0  0.0  0.0
y4  0.00  53.593  0.000  0.000  0.0  0.0  0.0  0.0
y5  0.00   0.000  1.000  0.000  0.0  0.0  0.0  0.0
y6  0.00   0.000  5.105  0.000  0.0  0.0  0.0  0.0
y7  0.00   0.000  0.000  1.000  0.0  0.0  0.0  0.0
y8  0.00   0.000  0.000  6.797  0.0  0.0  0.0  0.0
x1  0.00   0.000  0.000  0.000  1.0  0.0  0.0  0.0
x2  0.00   0.000  0.000  0.000  0.0  1.0  0.0  0.0
x3  0.00   0.000  0.000  0.000  0.0  0.0  1.0  0.0
x4  0.00   0.000  0.000  0.000  0.0  0.0  0.0  1.0
Psi
Shape: (8, 8)
       eta1   eta2   eta3   eta4     x1     x2     x3     x4
eta1  0.570  0.001  0.000  0.000  0.000  0.000  0.000  0.000
eta2  0.001  0.000  0.000  0.000  0.000  0.000  0.000  0.000
eta3  0.000  0.000  0.729  0.000  0.000  0.000  0.000  0.003
eta4  0.000  0.000  0.000  1.069  0.000  0.000  0.208  0.000
x1    0.000  0.000  0.000  0.000  0.891 -0.081  0.000  0.000
x2    0.000  0.000  0.000  0.000 -0.081  1.047  0.000  0.000
x3    0.000  0.000  0.000  0.208  0.000  0.000  3.077  0.013
x4    0.000  0.000  0.003  0.000  0.000  0.000  0.013  1.131
Theta
Shape: (12, 12)
       y1     y2     y3    y4     y5     y6     y7     y8   x1   x2   x3   x4
y1  0.687  0.000  0.000  0.00  0.000  0.000  0.000  0.000  0.0  0.0  0.0  0.0
y2  0.000  0.811  0.000  0.00  0.000  0.000  0.000  0.000  0.0  0.0  0.0  0.0
y3  0.000  0.000  0.635  0.00  0.000  0.000  0.000  0.000  0.0  0.0  0.0  0.0
y4  0.000  0.000  0.000  0.39  0.000  0.000  0.000  0.000  0.0  0.0  0.0  0.0
y5  0.000  0.000  0.000  0.00  0.609  0.000  0.000  0.000  0.0  0.0  0.0  0.0
y6  0.000  0.000  0.000  0.00  0.000  9.764  0.000  0.000  0.0  0.0  0.0  0.0
y7  0.000  0.000  0.000  0.00  0.000  0.000  0.887  0.000  0.0  0.0  0.0  0.0
y8  0.000  0.000  0.000  0.00  0.000  0.000  0.000  3.758  0.0  0.0  0.0  0.0
x1  0.000  0.000  0.000  0.00  0.000  0.000  0.000  0.000  0.0  0.0  0.0  0.0
x2  0.000  0.000  0.000  0.00  0.000  0.000  0.000  0.000  0.0  0.0  0.0  0.0
x3  0.000  0.000  0.000  0.00  0.000  0.000  0.000  0.000  0.0  0.0  0.0  0.0
x4  0.000  0.000  0.000  0.00  0.000  0.000  0.000  0.000  0.0  0.0  0.0  0.0
Empirical covariance matrix:
Shape: (12, 12)
        y1      y2      y3      y4     y5      y6      y7       y8     x1      x2       x3      x4
y1   1.903   3.570   0.079   0.610 -0.002   0.317   3.217   21.207 -0.051   0.089   11.246  -0.195
y2   3.570  15.046   0.395   1.540 -0.367  -1.379  12.091   82.179 -0.268   0.276   40.674  -0.990
y3   0.079   0.395   2.040   3.890  0.286   1.316  -0.040    0.973  0.065  -0.094   10.832   0.324
y4   0.610   1.540   3.890  14.610  0.831   4.445   0.776    7.633 -0.064  -0.033   39.708  -0.397
y5  -0.002  -0.367   0.286   0.831  2.201   8.312  -0.082   -0.397  0.748   0.108    1.461   4.925
y6   0.317  -1.379   1.316   4.445  8.312  55.584  -0.003    2.141  4.349   0.633    8.181  28.781
y7   3.217  12.091  -0.040   0.776 -0.082  -0.003  14.287   90.817 -0.300   1.694   33.139   2.150
y8  21.207  82.179   0.973   7.633 -0.397   2.141  90.817  622.595 -1.822  11.500  233.231  16.177
x1  -0.051  -0.268   0.065  -0.064  0.748   4.349  -0.300   -1.822  0.891  -0.081   -0.649   5.345
x2   0.089   0.276  -0.094  -0.033  0.108   0.633   1.694   11.500 -0.081   1.047    0.200   2.042
x3  11.246  40.674  10.832  39.708  1.461   8.181  33.139  233.231 -0.649   0.200  211.362  -3.291
x4  -0.195  -0.990   0.324  -0.397  4.925  28.781   2.150   16.177  5.345   2.042   -3.291  39.214
Model-implied covariance matrix:
Shape: (12, 12)
        y1      y2     y3     y4     y5      y6      y7       y8     x1     x2       x3      x4
y1   1.258   2.247  0.001  0.080 -0.021  -0.109   1.817   12.348 -0.000  0.000    5.960  -0.000
y2   2.247   9.664  0.006  0.314 -0.084  -0.429   7.157   48.651 -0.000  0.000   23.482  -0.000
y3   0.001   0.006  0.635  0.005 -0.001  -0.007   0.005    0.032 -0.000  0.000    0.022  -0.000
y4   0.080   0.314  0.005  0.647 -0.069  -0.350   0.254    1.726 -0.000  0.000    1.177  -0.000
y5  -0.021  -0.084 -0.001 -0.069  1.717   5.657  -0.132   -0.897  0.567 -0.052   -0.315   3.411
y6  -0.109  -0.429 -0.007 -0.350  5.657  38.645  -0.674   -4.581  2.893 -0.263   -1.606  17.412
y7   1.817   7.157  0.005  0.254 -0.132  -0.674   9.365   57.628 -0.101  1.304   19.191   2.538
y8  12.348  48.651  0.032  1.726 -0.897  -4.581  57.628  395.481 -0.685  8.862  130.449  17.250
x1  -0.000  -0.000 -0.000 -0.000  0.567   2.893  -0.101   -0.685  0.891 -0.081   -0.000   5.356
x2   0.000   0.000  0.000  0.000 -0.052  -0.263   1.304    8.862 -0.081  1.047    0.000   2.038
x3   5.960  23.482  0.022  1.177 -0.315  -1.606  19.191  130.449 -0.000  0.000   65.841   0.013
x4  -0.000  -0.000 -0.000 -0.000  3.411  17.412   2.538   17.250  5.356  2.038    0.013  39.468
Euclidian difference between them: 322.651019521
