All variables: ['x2', 'x3', 'x6', 'x1', 'x4', 'x5']
Observable variables: ['x1', 'x4', 'x5', 'x2', 'x3', 'x6']
Structural part: ['x2', 'x3', 'x6', 'x1', 'x4', 'x5']
Measurement part: ['x2', 'x3', 'x6', 'x1', 'x4', 'x5']
Latent varaibles: []
Endogenous variables: ['x1', 'x4', 'x5']
Exogenous variables: ['x2', 'x3', 'x6']
Beta
Shape: (6, 6)
     x2   x3   x6   x1   x4   x5
x2  0.0  0.0  0.0  0.0  0.0  0.0
x3  0.0  0.0  0.0  0.0  0.0  0.0
x6  0.0  0.0  0.0  0.0  0.0  0.0
x1  0.0  0.0  0.0  0.0  0.0  0.0
x4  0.0  0.0  0.0  0.0  0.0  0.0
x5  0.0  0.0  0.0  0.0  0.0  0.0
Lambda
Shape: (6, 6)
     x2   x3   x6   x1   x4   x5
x2  1.0  0.0  0.0  0.0  0.0  0.0
x3  0.0  1.0  0.0  0.0  0.0  0.0
x6  0.0  0.0  1.0  0.0  0.0  0.0
x1  0.0  0.0  0.0  1.0  0.0  0.0
x4  0.0  0.0  0.0  0.0  1.0  0.0
x5  0.0  0.0  0.0  0.0  0.0  1.0
Psi
Shape: (6, 6)
       x2     x3     x6      x1       x4      x5
x2  1.044  0.046  0.126   0.000    0.000   0.000
x3  0.046  0.914 -0.035   0.000    0.000   0.000
x6  0.126 -0.035  0.884   0.000    0.000   0.000
x1  0.000  0.000  0.000  20.943    0.000   0.000
x4  0.000  0.000  0.000   0.000  341.095   0.000
x5  0.000  0.000  0.000   0.000    0.000  14.652
Theta
Shape: (6, 6)
     x2   x3   x6   x1   x4   x5
x2  0.0  0.0  0.0  0.0  0.0  0.0
x3  0.0  0.0  0.0  0.0  0.0  0.0
x6  0.0  0.0  0.0  0.0  0.0  0.0
x1  0.0  0.0  0.0  0.0  0.0  0.0
x4  0.0  0.0  0.0  0.0  0.0  0.0
x5  0.0  0.0  0.0  0.0  0.0  0.0
Empirical covariance matrix:
Shape: (6, 6)
        x2     x3     x6       x1       x4       x5
x2   1.044  0.046  0.126    6.515   26.085    4.990
x3   0.046  0.914 -0.035    0.882    5.004    0.008
x6   0.126 -0.035  0.884    0.760    2.954    2.597
x1   6.515  0.882  0.760   41.885  168.640   30.978
x4  26.085  5.004  2.954  168.640  682.190  123.718
x5   4.990  0.008  2.597   30.978  123.718   29.305
Model-implied covariance matrix:
Shape: (6, 6)
       x2     x3     x6      x1       x4      x5
x2  1.044  0.046  0.126   0.000    0.000   0.000
x3  0.046  0.914 -0.035   0.000    0.000   0.000
x6  0.126 -0.035  0.884   0.000    0.000   0.000
x1  0.000  0.000  0.000  20.943    0.000   0.000
x4  0.000  0.000  0.000   0.000  341.095   0.000
x5  0.000  0.000  0.000   0.000    0.000  14.652
Euclidian difference between them: 456.058295344
