All variables: ['eta1', 'eta2', 'eta3', 'eta4', 'x1', 'x2', 'x3', 'x4', 'y1', 'y2', 'y3', 'y4', 'y5', 'y6', 'y7', 'y8']
Observable variables: ['x3', 'x4', 'x1', 'x2', 'y1', 'y2', 'y3', 'y4', 'y5', 'y6', 'y7', 'y8']
Structural part: ['eta1', 'eta2', 'eta3', 'eta4', 'x1', 'x2', 'x3', 'x4']
Measurement part: ['y1', 'y2', 'y3', 'y4', 'y5', 'y6', 'y7', 'y8', 'x1', 'x2', 'x3', 'x4']
Latent varaibles: ['eta1', 'eta2', 'eta3', 'eta4']
Endogenous variables: ['eta3', 'eta4', 'x3', 'x4']
Exogenous variables: ['eta1', 'eta2', 'x1', 'x2']
Beta
Shape: (8, 8)
        eta1   eta2  eta3  eta4     x1     x2   x3   x4
eta1   0.000  0.000   0.0   0.0  0.000  0.000  0.0  0.0
eta2   0.000  0.000   0.0   0.0  0.000  0.000  0.0  0.0
eta3   0.000  0.138   0.0   0.0  0.814  0.000  0.0  0.0
eta4   3.177  0.000   0.0   0.0  0.000  1.598  0.0  0.0
x1     0.000  0.000   0.0   0.0  0.000  0.000  0.0  0.0
x2     0.000  0.000   0.0   0.0  0.000  0.000  0.0  0.0
x3    10.036  8.976   0.0   0.0  0.000  0.000  0.0  0.0
x4     0.000  0.000   0.0   0.0  6.173  1.885  0.0  0.0
Lambda
Shape: (12, 8)
     eta1   eta2   eta3   eta4   x1   x2   x3   x4
y1  1.000  0.000  0.000  0.000  0.0  0.0  0.0  0.0
y2  3.824  0.000  0.000  0.000  0.0  0.0  0.0  0.0
y3  0.000  1.000  0.000  0.000  0.0  0.0  0.0  0.0
y4  0.000  3.734  0.000  0.000  0.0  0.0  0.0  0.0
y5  0.000  0.000  1.000  0.000  0.0  0.0  0.0  0.0
y6  0.000  0.000  5.871  0.000  0.0  0.0  0.0  0.0
y7  0.000  0.000  0.000  1.000  0.0  0.0  0.0  0.0
y8  0.000  0.000  0.000  6.877  0.0  0.0  0.0  0.0
x1  0.000  0.000  0.000  0.000  1.0  0.0  0.0  0.0
x2  0.000  0.000  0.000  0.000  0.0  1.0  0.0  0.0
x3  0.000  0.000  0.000  0.000  0.0  0.0  1.0  0.0
x4  0.000  0.000  0.000  0.000  0.0  0.0  0.0  1.0
Psi
Shape: (8, 8)
       eta1   eta2   eta3   eta4     x1     x2     x3     x4
eta1  0.983  0.090  0.000  0.000  0.000  0.000  0.000  0.000
eta2  0.090  1.083  0.000  0.000  0.000  0.000  0.000  0.000
eta3  0.000  0.000  0.805  0.115  0.000  0.000  0.000  0.551
eta4  0.000  0.000  0.115  0.573  0.000  0.000  0.000  0.000
x1    0.000  0.000  0.000  0.000  0.891 -0.081  0.000  0.000
x2    0.000  0.000  0.000  0.000 -0.081  1.047  0.000  0.000
x3    0.000  0.000  0.000  0.000  0.000  0.000  8.916  0.000
x4    0.000  0.000  0.551  0.000  0.000  0.000  0.000  3.437
Theta
Shape: (12, 12)
      y1     y2     y3   y4     y5     y6    y7   y8   x1   x2   x3   x4
y1  0.92  0.000  0.000  0.0  0.000  0.000  0.00  0.0  0.0  0.0  0.0  0.0
y2  0.00  0.671  0.000  0.0  0.000  0.000  0.00  0.0  0.0  0.0  0.0  0.0
y3  0.00  0.000  0.957  0.0  0.000  0.000  0.00  0.0  0.0  0.0  0.0  0.0
y4  0.00  0.000  0.000  0.0  0.000  0.000  0.00  0.0  0.0  0.0  0.0  0.0
y5  0.00  0.000  0.000  0.0  0.785  0.000  0.00  0.0  0.0  0.0  0.0  0.0
y6  0.00  0.000  0.000  0.0  0.000  6.784  0.00  0.0  0.0  0.0  0.0  0.0
y7  0.00  0.000  0.000  0.0  0.000  0.000  1.12  0.0  0.0  0.0  0.0  0.0
y8  0.00  0.000  0.000  0.0  0.000  0.000  0.00  0.0  0.0  0.0  0.0  0.0
x1  0.00  0.000  0.000  0.0  0.000  0.000  0.00  0.0  0.0  0.0  0.0  0.0
x2  0.00  0.000  0.000  0.0  0.000  0.000  0.00  0.0  0.0  0.0  0.0  0.0
x3  0.00  0.000  0.000  0.0  0.000  0.000  0.00  0.0  0.0  0.0  0.0  0.0
x4  0.00  0.000  0.000  0.0  0.000  0.000  0.00  0.0  0.0  0.0  0.0  0.0
Empirical covariance matrix:
Shape: (12, 12)
        y1      y2      y3      y4     y5      y6      y7       y8     x1      x2       x3      x4
y1   1.903   3.570   0.079   0.610 -0.002   0.317   3.217   21.207 -0.051   0.089   11.246  -0.195
y2   3.570  15.046   0.395   1.540 -0.367  -1.379  12.091   82.179 -0.268   0.276   40.674  -0.990
y3   0.079   0.395   2.040   3.890  0.286   1.316  -0.040    0.973  0.065  -0.094   10.832   0.324
y4   0.610   1.540   3.890  14.610  0.831   4.445   0.776    7.633 -0.064  -0.033   39.708  -0.397
y5  -0.002  -0.367   0.286   0.831  2.201   8.312  -0.082   -0.397  0.748   0.108    1.461   4.925
y6   0.317  -1.379   1.316   4.445  8.312  55.584  -0.003    2.141  4.349   0.633    8.181  28.781
y7   3.217  12.091  -0.040   0.776 -0.082  -0.003  14.287   90.817 -0.300   1.694   33.139   2.150
y8  21.207  82.179   0.973   7.633 -0.397   2.141  90.817  622.595 -1.822  11.500  233.231  16.177
x1  -0.051  -0.268   0.065  -0.064  0.748   4.349  -0.300   -1.822  0.891  -0.081   -0.649   5.345
x2   0.089   0.276  -0.094  -0.033  0.108   0.633   1.694   11.500 -0.081   1.047    0.200   2.042
x3  11.246  40.674  10.832  39.708  1.461   8.181  33.139  233.231 -0.649   0.200  211.362  -3.291
x4  -0.195  -0.990   0.324  -0.397  4.925  28.781   2.150   16.177  5.345   2.042   -3.291  39.214
Model-implied covariance matrix:
Shape: (12, 12)
        y1      y2      y3      y4     y5      y6      y7       y8     x1      x2       x3      x4
y1   1.903   3.759   0.090   0.335  0.012   0.073   3.123   21.478 -0.000   0.000   10.672   0.000
y2   3.759  15.047   0.343   1.280  0.047   0.278  11.942   82.125 -0.000   0.000   40.806   0.000
y3   0.090   0.343   2.040   4.045  0.150   0.880   0.285    1.958  0.000   0.000   10.622   0.000
y4   0.335   1.280   4.045  15.105  0.560   3.287   1.063    7.312  0.000   0.000   39.666   0.000
y5   0.012   0.047   0.150   0.560  2.201   8.312   0.049    0.336  0.725  -0.066    1.470   4.903
y6   0.073   0.278   0.880   3.287  8.312  55.584   0.287    1.971  4.257  -0.387    8.631  28.785
y7   3.123  11.942   0.285   1.063  0.049   0.287  14.287   90.545 -0.129   1.673   33.899   2.356
y8  21.478  82.125   1.958   7.312  0.336   1.971  90.545  622.674 -0.890  11.504  233.123  16.199
x1  -0.000  -0.000   0.000   0.000  0.725   4.257  -0.129   -0.890  0.891  -0.081   -0.000   5.345
x2   0.000   0.000   0.000   0.000 -0.066  -0.387   1.673   11.504 -0.081   1.047    0.000   1.474
x3  10.672  40.806  10.622  39.666  1.470   8.631  33.899  233.123 -0.000   0.000  211.362   0.000
x4   0.000   0.000   0.000   0.000  4.903  28.785   2.356   16.199  5.345   1.474    0.000  39.214
Euclidian difference between them: 6.8289426647
