All variables: ['eta1', 'eta2', 'eta3', 'eta4', 'x1', 'x2', 'x3', 'x4', 'y1', 'y2', 'y3', 'y4', 'y5', 'y6', 'y7', 'y8']
Observable variables: ['x3', 'x4', 'x1', 'x2', 'y1', 'y2', 'y3', 'y4', 'y5', 'y6', 'y7', 'y8']
Structural part: ['eta1', 'eta2', 'eta3', 'eta4', 'x1', 'x2', 'x3', 'x4']
Measurement part: ['y1', 'y2', 'y3', 'y4', 'y5', 'y6', 'y7', 'y8', 'x1', 'x2', 'x3', 'x4']
Latent varaibles: ['eta1', 'eta2', 'eta3', 'eta4']
Endogenous variables: ['eta3', 'eta4', 'x3', 'x4']
Exogenous variables: ['eta1', 'eta2', 'x1', 'x2']
Beta
Shape: (8, 8)
        eta1   eta2  eta3  eta4     x1     x2   x3   x4
eta1   0.000  0.000   0.0   0.0  0.000  0.000  0.0  0.0
eta2   0.000  0.000   0.0   0.0  0.000  0.000  0.0  0.0
eta3   0.000  0.211   0.0   0.0  0.843  0.000  0.0  0.0
eta4   3.224  0.000   0.0   0.0  0.000  1.466  0.0  0.0
x1     0.000  0.000   0.0   0.0  0.000  0.000  0.0  0.0
x2     0.000  0.000   0.0   0.0  0.000  0.000  0.0  0.0
x3    10.224  9.187   0.0   0.0  0.000  0.000  0.0  0.0
x4     0.000  0.000   0.0   0.0  6.222  2.431  0.0  0.0
Lambda
Shape: (12, 8)
     eta1   eta2   eta3   eta4   x1   x2   x3   x4
y1  1.000  0.000  0.000  0.000  0.0  0.0  0.0  0.0
y2  3.837  0.000  0.000  0.000  0.0  0.0  0.0  0.0
y3  0.000  1.000  0.000  0.000  0.0  0.0  0.0  0.0
y4  0.000  3.638  0.000  0.000  0.0  0.0  0.0  0.0
y5  0.000  0.000  1.000  0.000  0.0  0.0  0.0  0.0
y6  0.000  0.000  5.783  0.000  0.0  0.0  0.0  0.0
y7  0.000  0.000  0.000  1.000  0.0  0.0  0.0  0.0
y8  0.000  0.000  0.000  6.821  0.0  0.0  0.0  0.0
x1  0.000  0.000  0.000  0.000  1.0  0.0  0.0  0.0
x2  0.000  0.000  0.000  0.000  0.0  1.0  0.0  0.0
x3  0.000  0.000  0.000  0.000  0.0  0.0  1.0  0.0
x4  0.000  0.000  0.000  0.000  0.0  0.0  0.0  1.0
Psi
Shape: (8, 8)
       eta1   eta2   eta3   eta4     x1     x2     x3     x4
eta1  0.939  0.107  0.000  0.000  0.000  0.000  0.000  0.000
eta2  0.107  1.068  0.000  0.000  0.000  0.000  0.000  0.000
eta3  0.000  0.000  0.757  0.031  0.000  0.000  0.000  0.026
eta4  0.000  0.000  0.031  0.848  0.000  0.000  0.000  0.000
x1    0.000  0.000  0.000  0.000  0.891 -0.081  0.000  0.000
x2    0.000  0.000  0.000  0.000 -0.081  1.047  0.000  0.000
x3    0.000  0.000  0.000  0.000  0.000  0.000  3.043  0.149
x4    0.000  0.000  0.026  0.000  0.000  0.000  0.149  0.988
Theta
Shape: (12, 12)
       y1     y2     y3     y4     y5     y6     y7     y8   x1   x2   x3   x4
y1  0.962  0.000  0.000  0.000  0.000  0.000  0.000  0.000  0.0  0.0  0.0  0.0
y2  0.000  1.233  0.000  0.000  0.000  0.000  0.000  0.000  0.0  0.0  0.0  0.0
y3  0.000  0.000  0.973  0.000  0.000  0.000  0.000  0.000  0.0  0.0  0.0  0.0
y4  0.000  0.000  0.000  0.457  0.000  0.000  0.000  0.000  0.0  0.0  0.0  0.0
y5  0.000  0.000  0.000  0.000  0.765  0.000  0.000  0.000  0.0  0.0  0.0  0.0
y6  0.000  0.000  0.000  0.000  0.000  7.527  0.000  0.000  0.0  0.0  0.0  0.0
y7  0.000  0.000  0.000  0.000  0.000  0.000  0.971  0.000  0.0  0.0  0.0  0.0
y8  0.000  0.000  0.000  0.000  0.000  0.000  0.000  3.201  0.0  0.0  0.0  0.0
x1  0.000  0.000  0.000  0.000  0.000  0.000  0.000  0.000  0.0  0.0  0.0  0.0
x2  0.000  0.000  0.000  0.000  0.000  0.000  0.000  0.000  0.0  0.0  0.0  0.0
x3  0.000  0.000  0.000  0.000  0.000  0.000  0.000  0.000  0.0  0.0  0.0  0.0
x4  0.000  0.000  0.000  0.000  0.000  0.000  0.000  0.000  0.0  0.0  0.0  0.0
Empirical covariance matrix:
Shape: (12, 12)
        y1      y2      y3      y4     y5      y6      y7       y8     x1      x2       x3      x4
y1   1.903   3.570   0.079   0.610 -0.002   0.317   3.217   21.207 -0.051   0.089   11.246  -0.195
y2   3.570  15.046   0.395   1.540 -0.367  -1.379  12.091   82.179 -0.268   0.276   40.674  -0.990
y3   0.079   0.395   2.040   3.890  0.286   1.316  -0.040    0.973  0.065  -0.094   10.832   0.324
y4   0.610   1.540   3.890  14.610  0.831   4.445   0.776    7.633 -0.064  -0.033   39.708  -0.397
y5  -0.002  -0.367   0.286   0.831  2.201   8.312  -0.082   -0.397  0.748   0.108    1.461   4.925
y6   0.317  -1.379   1.316   4.445  8.312  55.584  -0.003    2.141  4.349   0.633    8.181  28.781
y7   3.217  12.091  -0.040   0.776 -0.082  -0.003  14.287   90.817 -0.300   1.694   33.139   2.150
y8  21.207  82.179   0.973   7.633 -0.397   2.141  90.817  622.595 -1.822  11.500  233.231  16.177
x1  -0.051  -0.268   0.065  -0.064  0.748   4.349  -0.300   -1.822  0.891  -0.081   -0.649   5.345
x2   0.089   0.276  -0.094  -0.033  0.108   0.633   1.694   11.500 -0.081   1.047    0.200   2.042
x3  11.246  40.674  10.832  39.708  1.461   8.181  33.139  233.231 -0.649   0.200  211.362  -3.291
x4  -0.195  -0.990   0.324  -0.397  4.925  28.781   2.150   16.177  5.345   2.042   -3.291  39.214
Model-implied covariance matrix:
Shape: (12, 12)
        y1      y2      y3      y4     y5      y6      y7       y8     x1      x2       x3      x4
y1   1.901   3.603   0.107   0.390  0.023   0.131   3.027   20.651  0.000  -0.000   10.585   0.000
y2   3.603  15.058   0.411   1.495  0.087   0.502  11.616   79.237  0.000  -0.000   40.614   0.000
y3   0.107   0.411   2.041   3.885  0.225   1.304   0.345    2.356 -0.000   0.000   10.906  -0.000
y4   0.390   1.495   3.885  14.593  0.820   4.745   1.257    8.571 -0.000   0.000   39.679  -0.000
y5   0.023   0.087   0.225   0.820  2.202   8.315   0.004    0.025  0.751  -0.068    2.303   4.531
y6   0.131   0.502   1.304   4.745  8.315  55.616   0.021    0.145  4.342  -0.395   13.318  26.208
y7   3.027  11.616   0.345   1.257  0.004   0.021  13.830   87.712 -0.119   1.535   34.124   2.994
y8  20.651  79.237   2.356   8.571  0.025   0.145  87.712  601.502 -0.810  10.472  232.766  20.420
x1   0.000   0.000  -0.000  -0.000  0.751   4.342  -0.119   -0.810  0.891  -0.081   -0.000   5.345
x2  -0.000  -0.000   0.000   0.000 -0.068  -0.395   1.535   10.472 -0.081   1.047    0.000   2.042
x3  10.585  40.614  10.906  39.679  2.303  13.318  34.124  232.766 -0.000   0.000  211.451   0.149
x4   0.000   0.000  -0.000  -0.000  4.531  26.208   2.994   20.420  5.345   2.042    0.149  39.208
Euclidian difference between them: 25.4516558032
