All variables: ['eta1', 'eta2', 'eta3', 'eta4', 'x1', 'x2', 'x3', 'x4', 'y1', 'y2', 'y3', 'y4', 'y5', 'y6', 'y7', 'y8', 'y9']
Observable variables: ['x1', 'x2', 'x3', 'x4', 'y1', 'y2', 'y3', 'y4', 'y5', 'y6', 'y7', 'y8', 'y9']
Structural part: ['eta1', 'eta2', 'eta3', 'eta4', 'x1', 'x2', 'x3', 'x4']
Measurement part: ['y1', 'y2', 'y3', 'y4', 'y5', 'y6', 'y7', 'y8', 'y9', 'x1', 'x2', 'x3', 'x4']
Latent varaibles: ['eta1', 'eta2', 'eta3', 'eta4']
Endogenous variables: ['eta2', 'eta3', 'eta4', 'x1', 'x2', 'x3', 'x4']
Exogenous variables: ['eta1']
Beta
Shape: (8, 8)
      eta1   eta2   eta3   eta4     x1   x2   x3    x4
eta1  0.00  0.000  0.000  0.000  0.000  0.0  0.0  0.00
eta2  0.00  0.000  0.000  0.000  1.156  0.0  0.0 -0.01
eta3  0.00  5.255  0.000  0.000  0.000  0.0  0.0  0.00
eta4  0.00  0.000  0.602  0.000  0.000  0.0  0.0  0.00
x1    0.78  0.000  0.000  0.000  0.000  0.0  0.0  0.00
x2    0.00  0.000  0.000  0.000  0.478  0.0  0.0  0.00
x3    0.00  0.000  0.792  0.000  0.000  0.0  0.0  0.00
x4    0.00  0.000  0.000  1.749  0.000  0.0  0.0  0.00
Lambda
Shape: (13, 8)
     eta1   eta2   eta3   eta4   x1   x2   x3   x4
y1  1.000  0.000  0.000  0.000  0.0  0.0  0.0  0.0
y2  4.567  0.000  0.000  0.000  0.0  0.0  0.0  0.0
y3  0.000  1.000  0.000  0.000  0.0  0.0  0.0  0.0
y4  0.000  4.369  0.000  0.000  0.0  0.0  0.0  0.0
y5  0.000  0.000  1.000  0.000  0.0  0.0  0.0  0.0
y6  0.000  0.000  5.808  0.000  0.0  0.0  0.0  0.0
y7  0.000  0.000  1.578  0.000  0.0  0.0  0.0  0.0
y8  0.000  0.000  0.000  1.000  0.0  0.0  0.0  0.0
y9  0.000  0.000  0.000  6.868  0.0  0.0  0.0  0.0
x1  0.000  0.000  0.000  0.000  1.0  0.0  0.0  0.0
x2  0.000  0.000  0.000  0.000  0.0  1.0  0.0  0.0
x3  0.000  0.000  0.000  0.000  0.0  0.0  1.0  0.0
x4  0.000  0.000  0.000  0.000  0.0  0.0  0.0  1.0
Psi
Shape: (8, 8)
      eta1  eta2  eta3  eta4     x1     x2      x3      x4
eta1  2.49   0.0   0.0   0.0  0.000  0.000   0.000   0.000
eta2  0.00   0.0   0.0   0.0  0.000  0.000   0.000   0.000
eta3  0.00   0.0   0.0   0.0  0.000  0.000   0.000   0.000
eta4  0.00   0.0   0.0   0.0  0.000  0.000   0.000   0.000
x1    0.00   0.0   0.0   0.0  0.504  0.000   0.000   0.000
x2    0.00   0.0   0.0   0.0  0.000  0.236   0.000   0.000
x3    0.00   0.0   0.0   0.0  0.000  0.000  15.928   0.000
x4    0.00   0.0   0.0   0.0  0.000  0.000   0.000  27.534
Theta
Shape: (13, 13)
     y1      y2     y3      y4      y5        y6      y7     y8       y9   x1   x2   x3   x4
y1  1.0   0.000  0.000   0.000   0.000     0.000   0.000  0.000    0.000  0.0  0.0  0.0  0.0
y2  0.0  16.649  0.000   0.000   0.000     0.000   0.000  0.000    0.000  0.0  0.0  0.0  0.0
y3  0.0   0.000  1.162   0.000   0.000     0.000   0.000  0.000    0.000  0.0  0.0  0.0  0.0
y4  0.0   0.000  0.000  18.774   0.000     0.000   0.000  0.000    0.000  0.0  0.0  0.0  0.0
y5  0.0   0.000  0.000   0.000  25.362     0.000   0.000  0.000    0.000  0.0  0.0  0.0  0.0
y6  0.0   0.000  0.000   0.000   0.000  1876.398   0.000  0.000    0.000  0.0  0.0  0.0  0.0
y7  0.0   0.000  0.000   0.000   0.000     0.000  64.617  0.000    0.000  0.0  0.0  0.0  0.0
y8  0.0   0.000  0.000   0.000   0.000     0.000   0.000  9.491    0.000  0.0  0.0  0.0  0.0
y9  0.0   0.000  0.000   0.000   0.000     0.000   0.000  0.000  565.724  0.0  0.0  0.0  0.0
x1  0.0   0.000  0.000   0.000   0.000     0.000   0.000  0.000    0.000  0.0  0.0  0.0  0.0
x2  0.0   0.000  0.000   0.000   0.000     0.000   0.000  0.000    0.000  0.0  0.0  0.0  0.0
x3  0.0   0.000  0.000   0.000   0.000     0.000   0.000  0.000    0.000  0.0  0.0  0.0  0.0
x4  0.0   0.000  0.000   0.000   0.000     0.000   0.000  0.000    0.000  0.0  0.0  0.0  0.0
Empirical covariance matrix:
Shape: (13, 13)
        y1       y2      y3       y4       y5        y6       y7       y8        y9      x1      x2       x3       x4
y1   2.001    5.781   1.150    5.774    6.792    58.763   10.828    4.043    31.972   1.390   0.569    5.409    6.990
y2   5.781   33.318   6.666   32.944   38.131   330.380   61.127   22.892   181.345   7.865   3.212   30.497   39.716
y3   1.150    6.666   2.329    7.000    8.166    71.202   13.223    4.946    39.153   1.643   0.667    6.593    8.710
y4   5.774   32.944   7.000   37.596   42.494   368.181   68.184   25.321   201.805   8.279   3.409   33.913   44.472
y5   6.792   38.131   8.166   42.494   50.776   432.617   80.090   29.860   237.132   9.590   4.148   39.846   52.087
y6  58.763  330.380  71.202  368.181  432.617  3753.711  694.162  259.357  2056.036  83.078  36.150  345.498  451.523
y7  10.828   61.127  13.223   68.184   80.090   694.162  129.395   47.900   380.293  15.354   6.621   63.890   83.503
y8   4.043   22.892   4.946   25.321   29.860   259.357   47.900   19.009   142.646   5.740   2.508   23.888   31.313
y9  31.972  181.345  39.153  201.805  237.132  2056.036  380.293  142.646  1132.413  45.503  19.748  189.281  248.524
x1   1.390    7.865   1.643    8.279    9.590    83.078   15.354    5.740    45.503   1.992   0.820    7.656    9.972
x2   0.569    3.212   0.667    3.409    4.148    36.150    6.621    2.508    19.748   0.820   0.472    3.333    4.310
x3   5.409   30.497   6.593   33.913   39.846   345.498   63.890   23.888   189.281   7.656   3.333   31.897   41.599
x4   6.990   39.716   8.710   44.472   52.087   451.523   83.503   31.313   248.524   9.972   4.310   41.599   55.106
Model-implied covariance matrix:
Shape: (13, 13)
        y1       y2      y3       y4       y5        y6       y7       y8        y9      x1      x2       x3       x4
y1   3.490   11.373   2.126    9.288   11.171    64.882   17.626    6.720    46.150   1.944   0.929    8.844   11.752
y2  11.373   68.595   9.709   42.421   51.019   296.338   80.502   30.692   210.780   8.877   4.242   40.392   53.676
y3   2.126    9.709   3.583   10.575   12.718    73.871   20.067    7.651    52.543   2.210   1.056   10.069   13.110
y4   9.288   42.421  10.575   64.979   55.570   322.767   87.681   33.430   229.579   9.658   4.616   43.995   57.284
y5  11.171   51.019  12.718   55.570   92.195   388.187  105.453   40.206   276.112  11.615   5.551   52.912   68.894
y6  64.882  296.338  73.871  322.767  388.187  4131.117  612.507  233.527  1603.746  67.465  32.243  307.328  400.161
y7  17.626   80.502  20.067   87.681  105.453   612.507  231.008   63.439   435.667  18.327   8.759   83.488  108.706
y8   6.720   30.692   7.651   33.430   40.206   233.527   63.439   33.678   166.104   6.988   3.339   31.831   41.446
y9  46.150  210.780  52.543  229.579  276.112  1603.746  435.667  166.104  1706.442  47.987  22.934  218.598  284.628
x1   1.944    8.877   2.210    9.658   11.615    67.465   18.327    6.988    47.987   2.021   0.966    9.196   12.220
x2   0.929    4.242   1.056    4.616    5.551    32.243    8.759    3.339    22.934   0.966   0.697    4.395    5.840
x3   8.844   40.392  10.069   43.995   52.912   307.328   83.488   31.831   218.598   9.196   4.395   57.818   54.544
x4  11.752   53.676  13.110   57.284   68.894   400.161  108.706   41.446   284.628  12.220   5.840   54.544   98.524
Euclidian difference between them: 979.989987772
