All variables: ['eta1', 'eta2', 'eta3', 'eta4', 'x1', 'x2', 'x3', 'x4', 'y1', 'y2', 'y3', 'y4', 'y5', 'y6', 'y7', 'y8']
Observable variables: ['x3', 'x4', 'x1', 'x2', 'y1', 'y2', 'y3', 'y4', 'y5', 'y6', 'y7', 'y8']
Structural part: ['eta1', 'eta2', 'eta3', 'eta4', 'x1', 'x2', 'x3', 'x4']
Measurement part: ['y1', 'y2', 'y3', 'y4', 'y5', 'y6', 'y7', 'y8', 'x1', 'x2', 'x3', 'x4']
Latent varaibles: ['eta1', 'eta2', 'eta3', 'eta4']
Endogenous variables: ['eta3', 'eta4', 'x3', 'x4']
Exogenous variables: ['eta1', 'eta2', 'x1', 'x2']
Beta
Shape: (8, 8)
        eta1   eta2  eta3  eta4     x1     x2   x3   x4
eta1   0.000  0.000   0.0   0.0  0.000  0.000  0.0  0.0
eta2   0.000  0.000   0.0   0.0  0.000  0.000  0.0  0.0
eta3   0.000  0.211   0.0   0.0  0.847  0.000  0.0  0.0
eta4   3.232  0.000   0.0   0.0  0.000  1.465  0.0  0.0
x1     0.000  0.000   0.0   0.0  0.000  0.000  0.0  0.0
x2     0.000  0.000   0.0   0.0  0.000  0.000  0.0  0.0
x3    10.234  9.191   0.0   0.0  0.000  0.000  0.0  0.0
x4     0.000  0.000   0.0   0.0  6.221  2.432  0.0  0.0
Lambda
Shape: (12, 8)
    eta1   eta2   eta3   eta4   x1   x2   x3   x4
y1  1.00  0.000  0.000  0.000  0.0  0.0  0.0  0.0
y2  3.84  0.000  0.000  0.000  0.0  0.0  0.0  0.0
y3  0.00  1.000  0.000  0.000  0.0  0.0  0.0  0.0
y4  0.00  3.638  0.000  0.000  0.0  0.0  0.0  0.0
y5  0.00  0.000  1.000  0.000  0.0  0.0  0.0  0.0
y6  0.00  0.000  5.767  0.000  0.0  0.0  0.0  0.0
y7  0.00  0.000  0.000  1.000  0.0  0.0  0.0  0.0
y8  0.00  0.000  0.000  6.818  0.0  0.0  0.0  0.0
x1  0.00  0.000  0.000  0.000  1.0  0.0  0.0  0.0
x2  0.00  0.000  0.000  0.000  0.0  1.0  0.0  0.0
x3  0.00  0.000  0.000  0.000  0.0  0.0  1.0  0.0
x4  0.00  0.000  0.000  0.000  0.0  0.0  0.0  1.0
Psi
Shape: (8, 8)
       eta1   eta2   eta3   eta4     x1     x2     x3     x4
eta1  0.938  0.106  0.000  0.000  0.000  0.000  0.000  0.000
eta2  0.106  1.069  0.000  0.000  0.000  0.000  0.000  0.000
eta3  0.000  0.000  0.757  0.027  0.000  0.000  0.000  0.023
eta4  0.000  0.000  0.027  0.842  0.000  0.000  0.000  0.000
x1    0.000  0.000  0.000  0.000  0.891 -0.081  0.000  0.000
x2    0.000  0.000  0.000  0.000 -0.081  1.047  0.000  0.000
x3    0.000  0.000  0.000  0.000  0.000  0.000  2.997  0.150
x4    0.000  0.000  0.023  0.000  0.000  0.000  0.150  0.987
Theta
Shape: (12, 12)
       y1     y2     y3     y4    y5     y6     y7     y8   x1   x2   x3   x4
y1  0.963  0.000  0.000  0.000  0.00  0.000  0.000  0.000  0.0  0.0  0.0  0.0
y2  0.000  1.227  0.000  0.000  0.00  0.000  0.000  0.000  0.0  0.0  0.0  0.0
y3  0.000  0.000  0.968  0.000  0.00  0.000  0.000  0.000  0.0  0.0  0.0  0.0
y4  0.000  0.000  0.000  0.463  0.00  0.000  0.000  0.000  0.0  0.0  0.0  0.0
y5  0.000  0.000  0.000  0.000  0.76  0.000  0.000  0.000  0.0  0.0  0.0  0.0
y6  0.000  0.000  0.000  0.000  0.00  7.661  0.000  0.000  0.0  0.0  0.0  0.0
y7  0.000  0.000  0.000  0.000  0.00  0.000  0.967  0.000  0.0  0.0  0.0  0.0
y8  0.000  0.000  0.000  0.000  0.00  0.000  0.000  3.433  0.0  0.0  0.0  0.0
x1  0.000  0.000  0.000  0.000  0.00  0.000  0.000  0.000  0.0  0.0  0.0  0.0
x2  0.000  0.000  0.000  0.000  0.00  0.000  0.000  0.000  0.0  0.0  0.0  0.0
x3  0.000  0.000  0.000  0.000  0.00  0.000  0.000  0.000  0.0  0.0  0.0  0.0
x4  0.000  0.000  0.000  0.000  0.00  0.000  0.000  0.000  0.0  0.0  0.0  0.0
Empirical covariance matrix:
Shape: (12, 12)
        y1      y2      y3      y4     y5      y6      y7       y8     x1      x2       x3      x4
y1   1.903   3.570   0.079   0.610 -0.002   0.317   3.217   21.207 -0.051   0.089   11.246  -0.195
y2   3.570  15.046   0.395   1.540 -0.367  -1.379  12.091   82.179 -0.268   0.276   40.674  -0.990
y3   0.079   0.395   2.040   3.890  0.286   1.316  -0.040    0.973  0.065  -0.094   10.832   0.324
y4   0.610   1.540   3.890  14.610  0.831   4.445   0.776    7.633 -0.064  -0.033   39.708  -0.397
y5  -0.002  -0.367   0.286   0.831  2.201   8.312  -0.082   -0.397  0.748   0.108    1.461   4.925
y6   0.317  -1.379   1.316   4.445  8.312  55.584  -0.003    2.141  4.349   0.633    8.181  28.781
y7   3.217  12.091  -0.040   0.776 -0.082  -0.003  14.287   90.817 -0.300   1.694   33.139   2.150
y8  21.207  82.179   0.973   7.633 -0.397   2.141  90.817  622.595 -1.822  11.500  233.231  16.177
x1  -0.051  -0.268   0.065  -0.064  0.748   4.349  -0.300   -1.822  0.891  -0.081   -0.649   5.345
x2   0.089   0.276  -0.094  -0.033  0.108   0.633   1.694   11.500 -0.081   1.047    0.200   2.042
x3  11.246  40.674  10.832  39.708  1.461   8.181  33.139  233.231 -0.649   0.200  211.362  -3.291
x4  -0.195  -0.990   0.324  -0.397  4.925  28.781   2.150   16.177  5.345   2.042   -3.291  39.214
Model-implied covariance matrix:
Shape: (12, 12)
        y1      y2      y3      y4     y5      y6      y7       y8     x1      x2       x3      x4
y1   1.900   3.600   0.106   0.387  0.022   0.130   3.030   20.656  0.000  -0.000   10.571   0.000
y2   3.600  15.051   0.408   1.485  0.086   0.498  11.634   79.319  0.000  -0.000   40.592   0.000
y3   0.106   0.408   2.037   3.889  0.226   1.304   0.343    2.341  0.000   0.000   10.912   0.000
y4   0.387   1.485   3.889  14.611  0.822   4.743   1.249    8.518  0.000   0.000   39.700   0.000
y5   0.022   0.086   0.226   0.822  2.204   8.327  -0.001   -0.005  0.754  -0.069    2.308   4.549
y6   0.130   0.498   1.304   4.743  8.327  55.680  -0.004   -0.030  4.350  -0.395   13.308  26.232
y7   3.030  11.634   0.343   1.249 -0.001  -0.004  13.847   87.812 -0.119   1.534   34.162   2.991
y8  20.656  79.319   2.341   8.518 -0.005  -0.030  87.812  602.108 -0.809  10.455  232.908  20.391
x1   0.000   0.000   0.000   0.000  0.754   4.350  -0.119   -0.809  0.891  -0.081    0.000   5.344
x2  -0.000  -0.000   0.000   0.000 -0.069  -0.395   1.534   10.455 -0.081   1.047   -0.000   2.042
x3  10.571  40.592  10.912  39.700  2.308  13.308  34.162  232.908  0.000  -0.000  211.471   0.150
x4   0.000   0.000   0.000   0.000  4.549  26.232   2.991   20.391  5.344   2.042    0.150  39.203
Euclidian difference between them: 24.9103118367
