All variables: ['eta1', 'eta2', 'eta3', 'eta4', 'x1', 'x2', 'x3', 'x4', 'y1', 'y2', 'y3', 'y4', 'y5', 'y6', 'y7', 'y8', 'y9']
Observable variables: ['x1', 'x2', 'x3', 'x4', 'y1', 'y2', 'y3', 'y4', 'y5', 'y6', 'y7', 'y8', 'y9']
Structural part: ['eta1', 'eta2', 'eta3', 'eta4', 'x1', 'x2', 'x3', 'x4']
Measurement part: ['y1', 'y2', 'y3', 'y4', 'y5', 'y6', 'y7', 'y8', 'y9', 'x1', 'x2', 'x3', 'x4']
Latent varaibles: ['eta1', 'eta2', 'eta3', 'eta4']
Endogenous variables: ['eta2', 'eta3', 'eta4', 'x1', 'x2', 'x3', 'x4']
Exogenous variables: ['eta1']
Beta
Shape: (8, 8)
       eta1   eta2   eta3   eta4     x1   x2   x3     x4
eta1  0.000  0.000  0.000  0.000  0.000  0.0  0.0  0.000
eta2  0.000  0.000  0.000  0.000  5.989  0.0  0.0 -1.045
eta3  0.000  5.964  0.000  0.000  0.000  0.0  0.0  0.000
eta4  0.000  0.000  0.601  0.000  0.000  0.0  0.0  0.000
x1    1.389  0.000  0.000  0.000  0.000  0.0  0.0  0.000
x2    0.000  0.000  0.000  0.000  0.407  0.0  0.0  0.000
x3    0.000  0.000  0.797  0.000  0.000  0.0  0.0  0.000
x4    0.000  0.000  0.000  1.757  0.000  0.0  0.0  0.000
Lambda
Shape: (13, 8)
     eta1   eta2   eta3   eta4   x1   x2   x3   x4
y1  1.000  0.000  0.000  0.000  0.0  0.0  0.0  0.0
y2  5.645  0.000  0.000  0.000  0.0  0.0  0.0  0.0
y3  0.000  1.000  0.000  0.000  0.0  0.0  0.0  0.0
y4  0.000  5.091  0.000  0.000  0.0  0.0  0.0  0.0
y5  0.000  0.000  1.000  0.000  0.0  0.0  0.0  0.0
y6  0.000  0.000  8.639  0.000  0.0  0.0  0.0  0.0
y7  0.000  0.000  1.568  0.000  0.0  0.0  0.0  0.0
y8  0.000  0.000  0.000  1.000  0.0  0.0  0.0  0.0
y9  0.000  0.000  0.000  7.863  0.0  0.0  0.0  0.0
x1  0.000  0.000  0.000  0.000  1.0  0.0  0.0  0.0
x2  0.000  0.000  0.000  0.000  0.0  1.0  0.0  0.0
x3  0.000  0.000  0.000  0.000  0.0  0.0  1.0  0.0
x4  0.000  0.000  0.000  0.000  0.0  0.0  0.0  1.0
Psi
Shape: (8, 8)
       eta1   eta2   eta3  eta4     x1     x2    x3     x4
eta1  0.977  0.000  0.000  0.00  0.000  0.000  0.00  0.000
eta2  0.000  7.844  0.000  0.00  0.000  0.000  0.00  0.000
eta3  0.000  0.000  0.124  0.00  0.000  0.000  0.00  0.000
eta4  0.000  0.000  0.000  0.07  0.000  0.000  0.00  0.000
x1    0.000  0.000  0.000  0.00  0.059  0.000  0.00  0.000
x2    0.000  0.000  0.000  0.00  0.000  0.134  0.05  0.000
x3    0.000  0.000  0.000  0.00  0.000  0.050  0.08  0.000
x4    0.000  0.000  0.000  0.00  0.000  0.000  0.00  0.516
Theta
Shape: (13, 13)
       y1     y2     y3     y4     y5        y6      y7     y8      y9   x1   x2   x3   x4
y1  0.975  0.000  0.000  0.000  0.000     0.000   0.000  0.000    0.00  0.0  0.0  0.0  0.0
y2  0.000  1.389  0.000  0.000  0.000     0.000   0.000  0.000    0.00  0.0  0.0  0.0  0.0
y3  0.000  0.000  0.966  0.000  0.000     0.000   0.000  0.000    0.00  0.0  0.0  0.0  0.0
y4  0.000  0.000  0.000  1.234  0.000     0.000   0.000  0.000    0.00  0.0  0.0  0.0  0.0
y5  0.000  0.000  0.000  0.000  0.886     0.000   0.000  0.000    0.00  0.0  0.0  0.0  0.0
y6  0.000  0.000  0.000  0.000  0.000  1876.497   0.000  0.000    0.00  0.0  0.0  0.0  0.0
y7  0.000  0.000  0.000  0.000  0.000     0.000  53.482  0.000    0.00  0.0  0.0  0.0  0.0
y8  0.000  0.000  0.000  0.000  0.000     0.000   0.000  1.046    0.00  0.0  0.0  0.0  0.0
y9  0.000  0.000  0.000  0.000  0.000     0.000   0.000  0.000  565.01  0.0  0.0  0.0  0.0
x1  0.000  0.000  0.000  0.000  0.000     0.000   0.000  0.000    0.00  0.0  0.0  0.0  0.0
x2  0.000  0.000  0.000  0.000  0.000     0.000   0.000  0.000    0.00  0.0  0.0  0.0  0.0
x3  0.000  0.000  0.000  0.000  0.000     0.000   0.000  0.000    0.00  0.0  0.0  0.0  0.0
x4  0.000  0.000  0.000  0.000  0.000     0.000   0.000  0.000    0.00  0.0  0.0  0.0  0.0
Empirical covariance matrix:
Shape: (13, 13)
        y1       y2      y3       y4       y5        y6       y7       y8        y9      x1      x2       x3       x4
y1   2.001    5.781   1.150    5.774    6.792    58.763   10.828    4.043    31.972   1.390   0.569    5.409    6.990
y2   5.781   33.318   6.666   32.944   38.131   330.380   61.127   22.892   181.345   7.865   3.212   30.497   39.716
y3   1.150    6.666   2.329    7.000    8.166    71.202   13.223    4.946    39.153   1.643   0.667    6.593    8.710
y4   5.774   32.944   7.000   37.596   42.494   368.181   68.184   25.321   201.805   8.279   3.409   33.913   44.472
y5   6.792   38.131   8.166   42.494   50.776   432.617   80.090   29.860   237.132   9.590   4.148   39.846   52.087
y6  58.763  330.380  71.202  368.181  432.617  3753.711  694.162  259.357  2056.036  83.078  36.150  345.498  451.523
y7  10.828   61.127  13.223   68.184   80.090   694.162  129.395   47.900   380.293  15.354   6.621   63.890   83.503
y8   4.043   22.892   4.946   25.321   29.860   259.357   47.900   19.009   142.646   5.740   2.508   23.888   31.313
y9  31.972  181.345  39.153  201.805  237.132  2056.036  380.293  142.646  1132.413  45.503  19.748  189.281  248.524
x1   1.390    7.865   1.643    8.279    9.590    83.078   15.354    5.740    45.503   1.992   0.820    7.656    9.972
x2   0.569    3.212   0.667    3.409    4.148    36.150    6.621    2.508    19.748   0.820   0.472    3.333    4.310
x3   5.409   30.497   6.593   33.913   39.846   345.498   63.890   23.888   189.281   7.656   3.333   31.897   41.599
x4   6.990   39.716   8.710   44.472   52.087   451.523   83.503   31.313   248.524   9.972   4.310   41.599   55.106
Model-implied covariance matrix:
Shape: (13, 13)
        y1       y2      y3       y4       y5        y6       y7       y8        y9      x1      x2       x3       x4
y1   1.953    5.517   1.073    5.461    6.398    55.275   10.035    3.844    30.224   1.357   0.552    5.097    6.753
y2   5.517   32.529   6.056   30.829   36.118   312.018   56.644   21.697   170.610   7.662   3.116   28.773   38.118
y3   1.073    6.056   2.333    6.961    8.138    70.301   12.762    4.872    38.307   1.536   0.625    6.483    8.487
y4   5.461   30.829   6.961   36.674   41.428   357.886   64.971   24.800   195.015   7.822   3.181   33.003   43.208
y5   6.398   36.118   8.138   41.428   49.439   419.433   76.145   29.065   228.553   9.164   3.727   38.679   50.639
y6  55.275  312.018  70.301  357.886  419.433  5499.889  657.797  251.089  1974.418  79.164  32.198  334.138  437.459
y7  10.035   56.644  12.762   64.971   76.145   657.797  172.899   45.583   358.439  14.372   5.845   60.660   79.417
y8   3.844   21.697   4.872   24.800   29.065   251.089   45.583   18.515   137.367   5.505   2.239   23.155   30.436
y9  30.224  170.610  38.307  195.015  228.553  1974.418  358.439  137.367  1645.185  43.287  17.606  182.075  239.328
x1   1.357    7.662   1.536    7.822    9.164    79.164   14.372    5.505    43.287   1.944   0.791    7.300    9.671
x2   0.552    3.116   0.625    3.181    3.727    32.198    5.845    2.239    17.606   0.791   0.456    3.019    3.934
x3   5.097   28.773   6.483   33.003   38.679   334.138   60.660   23.155   182.075   7.300   3.019   30.894   40.341
x4   6.753   38.118   8.487   43.208   50.639   437.459   79.417   30.436   239.328   9.671   3.934   40.341   53.539
Euclidian difference between them: 1825.93849753
