All variables: ['x2', 'x3', 'x6', 'x1', 'x4', 'x5']
Observable variables: ['x1', 'x4', 'x5', 'x2', 'x3', 'x6']
Structural part: ['x2', 'x3', 'x6', 'x1', 'x4', 'x5']
Measurement part: ['x2', 'x3', 'x6', 'x1', 'x4', 'x5']
Latent varaibles: []
Endogenous variables: ['x1', 'x4', 'x5']
Exogenous variables: ['x2', 'x3', 'x6']
Beta
Shape: (6, 6)
       x2     x3     x6     x1   x4   x5
x2  0.000  0.000  0.000  0.000  0.0  0.0
x3  0.000  0.000  0.000  0.000  0.0  0.0
x6  0.000  0.000  0.000  0.000  0.0  0.0
x1  6.209  0.649  0.000  0.000  0.0  0.0
x4  0.000  1.633  0.000  3.992  0.0  0.0
x5  4.500  0.000  2.299  0.000  0.0  0.0
Lambda
Shape: (6, 6)
     x2   x3   x6   x1   x4   x5
x2  1.0  0.0  0.0  0.0  0.0  0.0
x3  0.0  1.0  0.0  0.0  0.0  0.0
x6  0.0  0.0  1.0  0.0  0.0  0.0
x1  0.0  0.0  0.0  1.0  0.0  0.0
x4  0.0  0.0  0.0  0.0  1.0  0.0
x5  0.0  0.0  0.0  0.0  0.0  1.0
Psi
Shape: (6, 6)
       x2     x3     x6     x1     x4     x5
x2  1.044  0.046  0.126  0.000  0.000  0.000
x3  0.046  0.914 -0.035  0.000  0.000  0.000
x6  0.126 -0.035  0.884  0.000  0.000  0.000
x1  0.000  0.000  0.000  0.859 -0.015 -0.009
x4  0.000  0.000  0.000 -0.015  0.856  0.085
x5  0.000  0.000  0.000 -0.009  0.085  0.886
Theta
Shape: (6, 6)
     x2   x3   x6   x1   x4   x5
x2  0.0  0.0  0.0  0.0  0.0  0.0
x3  0.0  0.0  0.0  0.0  0.0  0.0
x6  0.0  0.0  0.0  0.0  0.0  0.0
x1  0.0  0.0  0.0  0.0  0.0  0.0
x4  0.0  0.0  0.0  0.0  0.0  0.0
x5  0.0  0.0  0.0  0.0  0.0  0.0
Empirical covariance matrix:
Shape: (6, 6)
        x2     x3     x6       x1       x4       x5
x2   1.044  0.046  0.126    6.515   26.085    4.990
x3   0.046  0.914 -0.035    0.882    5.004    0.008
x6   0.126 -0.035  0.884    0.760    2.954    2.597
x1   6.515  0.882  0.760   41.885  168.640   30.978
x4  26.085  5.004  2.954  168.640  682.190  123.718
x5   4.990  0.008  2.597   30.978  123.718   29.305
Model-implied covariance matrix:
Shape: (6, 6)
        x2     x3     x6       x1       x4       x5
x2   1.044  0.046  0.126    6.515   26.085    4.990
x3   0.046  0.914 -0.035    0.881    5.011    0.127
x6   0.126 -0.035  0.884    0.761    2.980    2.599
x1   6.515  0.881  0.761   41.884  168.640   31.057
x4  26.085  5.011  2.980  168.640  682.249  124.282
x5   4.990  0.127  2.599   31.057  124.282   29.315
Euclidian difference between them: 0.825957447992
